27
729
0 0 1.0000000000000000000000000000000000000000000000000000000000000000000000000000000000000000000000000000e+00
0 1 5.0000000000000000000000000000000000000000000000000000000000000000000000000000000000000000000000000000e-01
0 2 3.3333333333333333334236835143737920361672877334058284759521484375000000000000000000000000000000000000e-01
0 3 2.5000000000000000000000000000000000000000000000000000000000000000000000000000000000000000000000000000e-01
0 4 2.0000000000000000000271050543121376108501863200217485427856445312500000000000000000000000000000000000e-01
0 5 1.6666666666666666667118417571868960180836438667029142379760742187500000000000000000000000000000000000e-01
0 6 1.4285714285714285714092106754913302779641526285558938980102539062500000000000000000000000000000000000e-01
0 7 1.2500000000000000000000000000000000000000000000000000000000000000000000000000000000000000000000000000e-01
0 8 1.1111111111111111110960527476043679939721187110990285873413085937500000000000000000000000000000000000e-01
0 9 1.0000000000000000000135525271560688054250931600108742713928222656250000000000000000000000000000000000e-01
0 10 9.0909090909090909093373186755648873713653301820158958435058593750000000000000000000000000000000000000e-02
0 11 8.3333333333333333335592087859344800904182193335145711898803710937500000000000000000000000000000000000e-02
0 12 7.6923076923076923077965579012005292725007166154682636260986328125000000000000000000000000000000000000e-02
0 13 7.1428571428571428570460533774566513898207631427794694900512695312500000000000000000000000000000000000e-02
0 14 6.6666666666666666669828923003082721265855070669203996658325195312500000000000000000000000000000000000e-02
0 15 6.2500000000000000000000000000000000000000000000000000000000000000000000000000000000000000000000000000e-02
0 16 5.8823529411764705882552243046412776550369017058983445167541503906250000000000000000000000000000000000e-02
0 17 5.5555555555555555554802637380218399698605935554951429367065429687500000000000000000000000000000000000e-02
0 18 5.2631578947368421051561642592941936413808434735983610153198242187500000000000000000000000000000000000e-02
0 19 5.0000000000000000000677626357803440271254658000543713569641113281250000000000000000000000000000000000e-02
0 20 4.7619047619047619046973689183044342598805087618529796600341796875000000000000000000000000000000000000e-02
0 21 4.5454545454545454546686593377824436856826650910079479217529296875000000000000000000000000000000000000e-02
0 22 4.3478260869565217390715107514953530198908993043005466461181640625000000000000000000000000000000000000e-02
0 23 4.1666666666666666667796043929672400452091096667572855949401855468750000000000000000000000000000000000e-02
0 24 3.9999999999999999999186848370635871674494410399347543716430664062500000000000000000000000000000000000e-02
0 25 3.8461538461538461538982789506002646362503583077341318130493164062500000000000000000000000000000000000e-02
0 26 3.7037037037037037037664468849818000251161720370873808860778808593750000000000000000000000000000000000e-02
1 0 5.0000000000000000000000000000000000000000000000000000000000000000000000000000000000000000000000000000e-01
1 1 3.3333333333333333334236835143737920361672877334058284759521484375000000000000000000000000000000000000e-01
1 2 2.5000000000000000000000000000000000000000000000000000000000000000000000000000000000000000000000000000e-01
1 3 2.0000000000000000000271050543121376108501863200217485427856445312500000000000000000000000000000000000e-01
1 4 1.6666666666666666667118417571868960180836438667029142379760742187500000000000000000000000000000000000e-01
1 5 1.4285714285714285714092106754913302779641526285558938980102539062500000000000000000000000000000000000e-01
1 6 1.2500000000000000000000000000000000000000000000000000000000000000000000000000000000000000000000000000e-01
1 7 1.1111111111111111110960527476043679939721187110990285873413085937500000000000000000000000000000000000e-01
1 8 1.0000000000000000000135525271560688054250931600108742713928222656250000000000000000000000000000000000e-01
1 9 9.0909090909090909093373186755648873713653301820158958435058593750000000000000000000000000000000000000e-02
1 10 8.3333333333333333335592087859344800904182193335145711898803710937500000000000000000000000000000000000e-02
1 11 7.6923076923076923077965579012005292725007166154682636260986328125000000000000000000000000000000000000e-02
1 12 7.1428571428571428570460533774566513898207631427794694900512695312500000000000000000000000000000000000e-02
1 13 6.6666666666666666669828923003082721265855070669203996658325195312500000000000000000000000000000000000e-02
1 14 6.2500000000000000000000000000000000000000000000000000000000000000000000000000000000000000000000000000e-02
1 15 5.8823529411764705882552243046412776550369017058983445167541503906250000000000000000000000000000000000e-02
1 16 5.5555555555555555554802637380218399698605935554951429367065429687500000000000000000000000000000000000e-02
1 17 5.2631578947368421051561642592941936413808434735983610153198242187500000000000000000000000000000000000e-02
1 18 5.0000000000000000000677626357803440271254658000543713569641113281250000000000000000000000000000000000e-02
1 19 4.7619047619047619046973689183044342598805087618529796600341796875000000000000000000000000000000000000e-02
1 20 4.5454545454545454546686593377824436856826650910079479217529296875000000000000000000000000000000000000e-02
1 21 4.3478260869565217390715107514953530198908993043005466461181640625000000000000000000000000000000000000e-02
1 22 4.1666666666666666667796043929672400452091096667572855949401855468750000000000000000000000000000000000e-02
1 23 3.9999999999999999999186848370635871674494410399347543716430664062500000000000000000000000000000000000e-02
1 24 3.8461538461538461538982789506002646362503583077341318130493164062500000000000000000000000000000000000e-02
1 25 3.7037037037037037037664468849818000251161720370873808860778808593750000000000000000000000000000000000e-02
1 26 3.5714285714285714285230266887283256949103815713897347450256347656250000000000000000000000000000000000e-02
2 0 3.3333333333333333334236835143737920361672877334058284759521484375000000000000000000000000000000000000e-01
2 1 2.5000000000000000000000000000000000000000000000000000000000000000000000000000000000000000000000000000e-01
2 2 2.0000000000000000000271050543121376108501863200217485427856445312500000000000000000000000000000000000e-01
2 3 1.6666666666666666667118417571868960180836438667029142379760742187500000000000000000000000000000000000e-01
2 4 1.4285714285714285714092106754913302779641526285558938980102539062500000000000000000000000000000000000e-01
2 5 1.2500000000000000000000000000000000000000000000000000000000000000000000000000000000000000000000000000e-01
2 6 1.1111111111111111110960527476043679939721187110990285873413085937500000000000000000000000000000000000e-01
2 7 1.0000000000000000000135525271560688054250931600108742713928222656250000000000000000000000000000000000e-01
2 8 9.0909090909090909093373186755648873713653301820158958435058593750000000000000000000000000000000000000e-02
2 9 8.3333333333333333335592087859344800904182193335145711898803710937500000000000000000000000000000000000e-02
2 10 7.6923076923076923077965579012005292725007166154682636260986328125000000000000000000000000000000000000e-02
2 11 7.1428571428571428570460533774566513898207631427794694900512695312500000000000000000000000000000000000e-02
2 12 6.6666666666666666669828923003082721265855070669203996658325195312500000000000000000000000000000000000e-02
2 13 6.2500000000000000000000000000000000000000000000000000000000000000000000000000000000000000000000000000e-02
2 14 5.8823529411764705882552243046412776550369017058983445167541503906250000000000000000000000000000000000e-02
2 15 5.5555555555555555554802637380218399698605935554951429367065429687500000000000000000000000000000000000e-02
2 16 5.2631578947368421051561642592941936413808434735983610153198242187500000000000000000000000000000000000e-02
2 17 5.0000000000000000000677626357803440271254658000543713569641113281250000000000000000000000000000000000e-02
2 18 4.7619047619047619046973689183044342598805087618529796600341796875000000000000000000000000000000000000e-02
2 19 4.5454545454545454546686593377824436856826650910079479217529296875000000000000000000000000000000000000e-02
2 20 4.3478260869565217390715107514953530198908993043005466461181640625000000000000000000000000000000000000e-02
2 21 4.1666666666666666667796043929672400452091096667572855949401855468750000000000000000000000000000000000e-02
2 22 3.9999999999999999999186848370635871674494410399347543716430664062500000000000000000000000000000000000e-02
2 23 3.8461538461538461538982789506002646362503583077341318130493164062500000000000000000000000000000000000e-02
2 24 3.7037037037037037037664468849818000251161720370873808860778808593750000000000000000000000000000000000e-02
2 25 3.5714285714285714285230266887283256949103815713897347450256347656250000000000000000000000000000000000e-02
2 26 3.4482758620689655171595968188857916914002998964861035346984863281250000000000000000000000000000000000e-02
3 0 2.5000000000000000000000000000000000000000000000000000000000000000000000000000000000000000000000000000e-01
3 1 2.0000000000000000000271050543121376108501863200217485427856445312500000000000000000000000000000000000e-01
3 2 1.6666666666666666667118417571868960180836438667029142379760742187500000000000000000000000000000000000e-01
3 3 1.4285714285714285714092106754913302779641526285558938980102539062500000000000000000000000000000000000e-01
3 4 1.2500000000000000000000000000000000000000000000000000000000000000000000000000000000000000000000000000e-01
3 5 1.1111111111111111110960527476043679939721187110990285873413085937500000000000000000000000000000000000e-01
3 6 1.0000000000000000000135525271560688054250931600108742713928222656250000000000000000000000000000000000e-01
3 7 9.0909090909090909093373186755648873713653301820158958435058593750000000000000000000000000000000000000e-02
3 8 8.3333333333333333335592087859344800904182193335145711898803710937500000000000000000000000000000000000e-02
3 9 7.6923076923076923077965579012005292725007166154682636260986328125000000000000000000000000000000000000e-02
3 10 7.1428571428571428570460533774566513898207631427794694900512695312500000000000000000000000000000000000e-02
3 11 6.6666666666666666669828923003082721265855070669203996658325195312500000000000000000000000000000000000e-02
3 12 6.2500000000000000000000000000000000000000000000000000000000000000000000000000000000000000000000000000e-02
3 13 5.8823529411764705882552243046412776550369017058983445167541503906250000000000000000000000000000000000e-02
3 14 5.5555555555555555554802637380218399698605935554951429367065429687500000000000000000000000000000000000e-02
3 15 5.2631578947368421051561642592941936413808434735983610153198242187500000000000000000000000000000000000e-02
3 16 5.0000000000000000000677626357803440271254658000543713569641113281250000000000000000000000000000000000e-02
3 17 4.7619047619047619046973689183044342598805087618529796600341796875000000000000000000000000000000000000e-02
3 18 4.5454545454545454546686593377824436856826650910079479217529296875000000000000000000000000000000000000e-02
3 19 4.3478260869565217390715107514953530198908993043005466461181640625000000000000000000000000000000000000e-02
3 20 4.1666666666666666667796043929672400452091096667572855949401855468750000000000000000000000000000000000e-02
3 21 3.9999999999999999999186848370635871674494410399347543716430664062500000000000000000000000000000000000e-02
3 22 3.8461538461538461538982789506002646362503583077341318130493164062500000000000000000000000000000000000e-02
3 23 3.7037037037037037037664468849818000251161720370873808860778808593750000000000000000000000000000000000e-02
3 24 3.5714285714285714285230266887283256949103815713897347450256347656250000000000000000000000000000000000e-02
3 25 3.4482758620689655171595968188857916914002998964861035346984863281250000000000000000000000000000000000e-02
3 26 3.3333333333333333334914461501541360632927535334601998329162597656250000000000000000000000000000000000e-02
4 0 2.0000000000000000000271050543121376108501863200217485427856445312500000000000000000000000000000000000e-01
4 1 1.6666666666666666667118417571868960180836438667029142379760742187500000000000000000000000000000000000e-01
4 2 1.4285714285714285714092106754913302779641526285558938980102539062500000000000000000000000000000000000e-01
4 3 1.2500000000000000000000000000000000000000000000000000000000000000000000000000000000000000000000000000e-01
4 4 1.1111111111111111110960527476043679939721187110990285873413085937500000000000000000000000000000000000e-01
4 5 1.0000000000000000000135525271560688054250931600108742713928222656250000000000000000000000000000000000e-01
4 6 9.0909090909090909093373186755648873713653301820158958435058593750000000000000000000000000000000000000e-02
4 7 8.3333333333333333335592087859344800904182193335145711898803710937500000000000000000000000000000000000e-02
4 8 7.6923076923076923077965579012005292725007166154682636260986328125000000000000000000000000000000000000e-02
4 9 7.1428571428571428570460533774566513898207631427794694900512695312500000000000000000000000000000000000e-02
4 10 6.6666666666666666669828923003082721265855070669203996658325195312500000000000000000000000000000000000e-02
4 11 6.2500000000000000000000000000000000000000000000000000000000000000000000000000000000000000000000000000e-02
4 12 5.8823529411764705882552243046412776550369017058983445167541503906250000000000000000000000000000000000e-02
4 13 5.5555555555555555554802637380218399698605935554951429367065429687500000000000000000000000000000000000e-02
4 14 5.2631578947368421051561642592941936413808434735983610153198242187500000000000000000000000000000000000e-02
4 15 5.0000000000000000000677626357803440271254658000543713569641113281250000000000000000000000000000000000e-02
4 16 4.7619047619047619046973689183044342598805087618529796600341796875000000000000000000000000000000000000e-02
4 17 4.5454545454545454546686593377824436856826650910079479217529296875000000000000000000000000000000000000e-02
4 18 4.3478260869565217390715107514953530198908993043005466461181640625000000000000000000000000000000000000e-02
4 19 4.1666666666666666667796043929672400452091096667572855949401855468750000000000000000000000000000000000e-02
4 20 3.9999999999999999999186848370635871674494410399347543716430664062500000000000000000000000000000000000e-02
4 21 3.8461538461538461538982789506002646362503583077341318130493164062500000000000000000000000000000000000e-02
4 22 3.7037037037037037037664468849818000251161720370873808860778808593750000000000000000000000000000000000e-02
4 23 3.5714285714285714285230266887283256949103815713897347450256347656250000000000000000000000000000000000e-02
4 24 3.4482758620689655171595968188857916914002998964861035346984863281250000000000000000000000000000000000e-02
4 25 3.3333333333333333334914461501541360632927535334601998329162597656250000000000000000000000000000000000e-02
4 26 3.2258064516129032257190159538318141585477860644459724426269531250000000000000000000000000000000000000e-02
5 0 1.6666666666666666667118417571868960180836438667029142379760742187500000000000000000000000000000000000e-01
5 1 1.4285714285714285714092106754913302779641526285558938980102539062500000000000000000000000000000000000e-01
5 2 1.2500000000000000000000000000000000000000000000000000000000000000000000000000000000000000000000000000e-01
5 3 1.1111111111111111110960527476043679939721187110990285873413085937500000000000000000000000000000000000e-01
5 4 1.0000000000000000000135525271560688054250931600108742713928222656250000000000000000000000000000000000e-01
5 5 9.0909090909090909093373186755648873713653301820158958435058593750000000000000000000000000000000000000e-02
5 6 8.3333333333333333335592087859344800904182193335145711898803710937500000000000000000000000000000000000e-02
5 7 7.6923076923076923077965579012005292725007166154682636260986328125000000000000000000000000000000000000e-02
5 8 7.1428571428571428570460533774566513898207631427794694900512695312500000000000000000000000000000000000e-02
5 9 6.6666666666666666669828923003082721265855070669203996658325195312500000000000000000000000000000000000e-02
5 10 6.2500000000000000000000000000000000000000000000000000000000000000000000000000000000000000000000000000e-02
5 11 5.8823529411764705882552243046412776550369017058983445167541503906250000000000000000000000000000000000e-02
5 12 5.5555555555555555554802637380218399698605935554951429367065429687500000000000000000000000000000000000e-02
5 13 5.2631578947368421051561642592941936413808434735983610153198242187500000000000000000000000000000000000e-02
5 14 5.0000000000000000000677626357803440271254658000543713569641113281250000000000000000000000000000000000e-02
5 15 4.7619047619047619046973689183044342598805087618529796600341796875000000000000000000000000000000000000e-02
5 16 4.5454545454545454546686593377824436856826650910079479217529296875000000000000000000000000000000000000e-02
5 17 4.3478260869565217390715107514953530198908993043005466461181640625000000000000000000000000000000000000e-02
5 18 4.1666666666666666667796043929672400452091096667572855949401855468750000000000000000000000000000000000e-02
5 19 3.9999999999999999999186848370635871674494410399347543716430664062500000000000000000000000000000000000e-02
5 20 3.8461538461538461538982789506002646362503583077341318130493164062500000000000000000000000000000000000e-02
5 21 3.7037037037037037037664468849818000251161720370873808860778808593750000000000000000000000000000000000e-02
5 22 3.5714285714285714285230266887283256949103815713897347450256347656250000000000000000000000000000000000e-02
5 23 3.4482758620689655171595968188857916914002998964861035346984863281250000000000000000000000000000000000e-02
5 24 3.3333333333333333334914461501541360632927535334601998329162597656250000000000000000000000000000000000e-02
5 25 3.2258064516129032257190159538318141585477860644459724426269531250000000000000000000000000000000000000e-02
5 26 3.1250000000000000000000000000000000000000000000000000000000000000000000000000000000000000000000000000e-02
6 0 1.4285714285714285714092106754913302779641526285558938980102539062500000000000000000000000000000000000e-01
6 1 1.2500000000000000000000000000000000000000000000000000000000000000000000000000000000000000000000000000e-01
6 2 1.1111111111111111110960527476043679939721187110990285873413085937500000000000000000000000000000000000e-01
6 3 1.0000000000000000000135525271560688054250931600108742713928222656250000000000000000000000000000000000e-01
6 4 9.0909090909090909093373186755648873713653301820158958435058593750000000000000000000000000000000000000e-02
6 5 8.3333333333333333335592087859344800904182193335145711898803710937500000000000000000000000000000000000e-02
6 6 7.6923076923076923077965579012005292725007166154682636260986328125000000000000000000000000000000000000e-02
6 7 7.1428571428571428570460533774566513898207631427794694900512695312500000000000000000000000000000000000e-02
6 8 6.6666666666666666669828923003082721265855070669203996658325195312500000000000000000000000000000000000e-02
6 9 6.2500000000000000000000000000000000000000000000000000000000000000000000000000000000000000000000000000e-02
6 10 5.8823529411764705882552243046412776550369017058983445167541503906250000000000000000000000000000000000e-02
6 11 5.5555555555555555554802637380218399698605935554951429367065429687500000000000000000000000000000000000e-02
6 12 5.2631578947368421051561642592941936413808434735983610153198242187500000000000000000000000000000000000e-02
6 13 5.0000000000000000000677626357803440271254658000543713569641113281250000000000000000000000000000000000e-02
6 14 4.7619047619047619046973689183044342598805087618529796600341796875000000000000000000000000000000000000e-02
6 15 4.5454545454545454546686593377824436856826650910079479217529296875000000000000000000000000000000000000e-02
6 16 4.3478260869565217390715107514953530198908993043005466461181640625000000000000000000000000000000000000e-02
6 17 4.1666666666666666667796043929672400452091096667572855949401855468750000000000000000000000000000000000e-02
6 18 3.9999999999999999999186848370635871674494410399347543716430664062500000000000000000000000000000000000e-02
6 19 3.8461538461538461538982789506002646362503583077341318130493164062500000000000000000000000000000000000e-02
6 20 3.7037037037037037037664468849818000251161720370873808860778808593750000000000000000000000000000000000e-02
6 21 3.5714285714285714285230266887283256949103815713897347450256347656250000000000000000000000000000000000e-02
6 22 3.4482758620689655171595968188857916914002998964861035346984863281250000000000000000000000000000000000e-02
6 23 3.3333333333333333334914461501541360632927535334601998329162597656250000000000000000000000000000000000e-02
6 24 3.2258064516129032257190159538318141585477860644459724426269531250000000000000000000000000000000000000e-02
6 25 3.1250000000000000000000000000000000000000000000000000000000000000000000000000000000000000000000000000e-02
6 26 3.0303030303030303031124395585216291237884433940052986145019531250000000000000000000000000000000000000e-02
7 0 1.2500000000000000000000000000000000000000000000000000000000000000000000000000000000000000000000000000e-01
7 1 1.1111111111111111110960527476043679939721187110990285873413085937500000000000000000000000000000000000e-01
7 2 1.0000000000000000000135525271560688054250931600108742713928222656250000000000000000000000000000000000e-01
7 3 9.0909090909090909093373186755648873713653301820158958435058593750000000000000000000000000000000000000e-02
7 4 8.3333333333333333335592087859344800904182193335145711898803710937500000000000000000000000000000000000e-02
7 5 7.6923076923076923077965579012005292725007166154682636260986328125000000000000000000000000000000000000e-02
7 6 7.1428571428571428570460533774566513898207631427794694900512695312500000000000000000000000000000000000e-02
7 7 6.6666666666666666669828923003082721265855070669203996658325195312500000000000000000000000000000000000e-02
7 8 6.2500000000000000000000000000000000000000000000000000000000000000000000000000000000000000000000000000e-02
7 9 5.8823529411764705882552243046412776550369017058983445167541503906250000000000000000000000000000000000e-02
7 10 5.5555555555555555554802637380218399698605935554951429367065429687500000000000000000000000000000000000e-02
7 11 5.2631578947368421051561642592941936413808434735983610153198242187500000000000000000000000000000000000e-02
7 12 5.0000000000000000000677626357803440271254658000543713569641113281250000000000000000000000000000000000e-02
7 13 4.7619047619047619046973689183044342598805087618529796600341796875000000000000000000000000000000000000e-02
7 14 4.5454545454545454546686593377824436856826650910079479217529296875000000000000000000000000000000000000e-02
7 15 4.3478260869565217390715107514953530198908993043005466461181640625000000000000000000000000000000000000e-02
7 16 4.1666666666666666667796043929672400452091096667572855949401855468750000000000000000000000000000000000e-02
7 17 3.9999999999999999999186848370635871674494410399347543716430664062500000000000000000000000000000000000e-02
7 18 3.8461538461538461538982789506002646362503583077341318130493164062500000000000000000000000000000000000e-02
7 19 3.7037037037037037037664468849818000251161720370873808860778808593750000000000000000000000000000000000e-02
7 20 3.5714285714285714285230266887283256949103815713897347450256347656250000000000000000000000000000000000e-02
7 21 3.4482758620689655171595968188857916914002998964861035346984863281250000000000000000000000000000000000e-02
7 22 3.3333333333333333334914461501541360632927535334601998329162597656250000000000000000000000000000000000e-02
7 23 3.2258064516129032257190159538318141585477860644459724426269531250000000000000000000000000000000000000e-02
7 24 3.1250000000000000000000000000000000000000000000000000000000000000000000000000000000000000000000000000e-02
7 25 3.0303030303030303031124395585216291237884433940052986145019531250000000000000000000000000000000000000e-02
7 26 2.9411764705882352941276121523206388275184508529491722583770751953125000000000000000000000000000000000e-02
8 0 1.1111111111111111110960527476043679939721187110990285873413085937500000000000000000000000000000000000e-01
8 1 1.0000000000000000000135525271560688054250931600108742713928222656250000000000000000000000000000000000e-01
8 2 9.0909090909090909093373186755648873713653301820158958435058593750000000000000000000000000000000000000e-02
8 3 8.3333333333333333335592087859344800904182193335145711898803710937500000000000000000000000000000000000e-02
8 4 7.6923076923076923077965579012005292725007166154682636260986328125000000000000000000000000000000000000e-02
8 5 7.1428571428571428570460533774566513898207631427794694900512695312500000000000000000000000000000000000e-02
8 6 6.6666666666666666669828923003082721265855070669203996658325195312500000000000000000000000000000000000e-02
8 7 6.2500000000000000000000000000000000000000000000000000000000000000000000000000000000000000000000000000e-02
8 8 5.8823529411764705882552243046412776550369017058983445167541503906250000000000000000000000000000000000e-02
8 9 5.5555555555555555554802637380218399698605935554951429367065429687500000000000000000000000000000000000e-02
8 10 5.2631578947368421051561642592941936413808434735983610153198242187500000000000000000000000000000000000e-02
8 11 5.0000000000000000000677626357803440271254658000543713569641113281250000000000000000000000000000000000e-02
8 12 4.7619047619047619046973689183044342598805087618529796600341796875000000000000000000000000000000000000e-02
8 13 4.5454545454545454546686593377824436856826650910079479217529296875000000000000000000000000000000000000e-02
8 14 4.3478260869565217390715107514953530198908993043005466461181640625000000000000000000000000000000000000e-02
8 15 4.1666666666666666667796043929672400452091096667572855949401855468750000000000000000000000000000000000e-02
8 16 3.9999999999999999999186848370635871674494410399347543716430664062500000000000000000000000000000000000e-02
8 17 3.8461538461538461538982789506002646362503583077341318130493164062500000000000000000000000000000000000e-02
8 18 3.7037037037037037037664468849818000251161720370873808860778808593750000000000000000000000000000000000e-02
8 19 3.5714285714285714285230266887283256949103815713897347450256347656250000000000000000000000000000000000e-02
8 20 3.4482758620689655171595968188857916914002998964861035346984863281250000000000000000000000000000000000e-02
8 21 3.3333333333333333334914461501541360632927535334601998329162597656250000000000000000000000000000000000e-02
8 22 3.2258064516129032257190159538318141585477860644459724426269531250000000000000000000000000000000000000e-02
8 23 3.1250000000000000000000000000000000000000000000000000000000000000000000000000000000000000000000000000e-02
8 24 3.0303030303030303031124395585216291237884433940052986145019531250000000000000000000000000000000000000e-02
8 25 2.9411764705882352941276121523206388275184508529491722583770751953125000000000000000000000000000000000e-02
8 26 2.8571428571428571429200653046531765966165039571933448314666748046875000000000000000000000000000000000e-02
9 0 1.0000000000000000000135525271560688054250931600108742713928222656250000000000000000000000000000000000e-01
9 1 9.0909090909090909093373186755648873713653301820158958435058593750000000000000000000000000000000000000e-02
9 2 8.3333333333333333335592087859344800904182193335145711898803710937500000000000000000000000000000000000e-02
9 3 7.6923076923076923077965579012005292725007166154682636260986328125000000000000000000000000000000000000e-02
9 4 7.1428571428571428570460533774566513898207631427794694900512695312500000000000000000000000000000000000e-02
9 5 6.6666666666666666669828923003082721265855070669203996658325195312500000000000000000000000000000000000e-02
9 6 6.2500000000000000000000000000000000000000000000000000000000000000000000000000000000000000000000000000e-02
9 7 5.8823529411764705882552243046412776550369017058983445167541503906250000000000000000000000000000000000e-02
9 8 5.5555555555555555554802637380218399698605935554951429367065429687500000000000000000000000000000000000e-02
9 9 5.2631578947368421051561642592941936413808434735983610153198242187500000000000000000000000000000000000e-02
9 10 5.0000000000000000000677626357803440271254658000543713569641113281250000000000000000000000000000000000e-02
9 11 4.7619047619047619046973689183044342598805087618529796600341796875000000000000000000000000000000000000e-02
9 12 4.5454545454545454546686593377824436856826650910079479217529296875000000000000000000000000000000000000e-02
9 13 4.3478260869565217390715107514953530198908993043005466461181640625000000000000000000000000000000000000e-02
9 14 4.1666666666666666667796043929672400452091096667572855949401855468750000000000000000000000000000000000e-02
9 15 3.9999999999999999999186848370635871674494410399347543716430664062500000000000000000000000000000000000e-02
9 16 3.8461538461538461538982789506002646362503583077341318130493164062500000000000000000000000000000000000e-02
9 17 3.7037037037037037037664468849818000251161720370873808860778808593750000000000000000000000000000000000e-02
9 18 3.5714285714285714285230266887283256949103815713897347450256347656250000000000000000000000000000000000e-02
9 19 3.4482758620689655171595968188857916914002998964861035346984863281250000000000000000000000000000000000e-02
9 20 3.3333333333333333334914461501541360632927535334601998329162597656250000000000000000000000000000000000e-02
9 21 3.2258064516129032257190159538318141585477860644459724426269531250000000000000000000000000000000000000e-02
9 22 3.1250000000000000000000000000000000000000000000000000000000000000000000000000000000000000000000000000e-02
9 23 3.0303030303030303031124395585216291237884433940052986145019531250000000000000000000000000000000000000e-02
9 24 2.9411764705882352941276121523206388275184508529491722583770751953125000000000000000000000000000000000e-02
9 25 2.8571428571428571429200653046531765966165039571933448314666748046875000000000000000000000000000000000e-02
9 26 2.7777777777777777777401318690109199849302967777475714683532714843750000000000000000000000000000000000e-02
10 0 9.0909090909090909093373186755648873713653301820158958435058593750000000000000000000000000000000000000e-02
10 1 8.3333333333333333335592087859344800904182193335145711898803710937500000000000000000000000000000000000e-02
10 2 7.6923076923076923077965579012005292725007166154682636260986328125000000000000000000000000000000000000e-02
10 3 7.1428571428571428570460533774566513898207631427794694900512695312500000000000000000000000000000000000e-02
10 4 6.6666666666666666669828923003082721265855070669203996658325195312500000000000000000000000000000000000e-02
10 5 6.2500000000000000000000000000000000000000000000000000000000000000000000000000000000000000000000000000e-02
10 6 5.8823529411764705882552243046412776550369017058983445167541503906250000000000000000000000000000000000e-02
10 7 5.5555555555555555554802637380218399698605935554951429367065429687500000000000000000000000000000000000e-02
10 8 5.2631578947368421051561642592941936413808434735983610153198242187500000000000000000000000000000000000e-02
10 9 5.0000000000000000000677626357803440271254658000543713569641113281250000000000000000000000000000000000e-02
10 10 4.7619047619047619046973689183044342598805087618529796600341796875000000000000000000000000000000000000e-02
10 11 4.5454545454545454546686593377824436856826650910079479217529296875000000000000000000000000000000000000e-02
10 12 4.3478260869565217390715107514953530198908993043005466461181640625000000000000000000000000000000000000e-02
10 13 4.1666666666666666667796043929672400452091096667572855949401855468750000000000000000000000000000000000e-02
10 14 3.9999999999999999999186848370635871674494410399347543716430664062500000000000000000000000000000000000e-02
10 15 3.8461538461538461538982789506002646362503583077341318130493164062500000000000000000000000000000000000e-02
10 16 3.7037037037037037037664468849818000251161720370873808860778808593750000000000000000000000000000000000e-02
10 17 3.5714285714285714285230266887283256949103815713897347450256347656250000000000000000000000000000000000e-02
10 18 3.4482758620689655171595968188857916914002998964861035346984863281250000000000000000000000000000000000e-02
10 19 3.3333333333333333334914461501541360632927535334601998329162597656250000000000000000000000000000000000e-02
10 20 3.2258064516129032257190159538318141585477860644459724426269531250000000000000000000000000000000000000e-02
10 21 3.1250000000000000000000000000000000000000000000000000000000000000000000000000000000000000000000000000e-02
10 22 3.0303030303030303031124395585216291237884433940052986145019531250000000000000000000000000000000000000e-02
10 23 2.9411764705882352941276121523206388275184508529491722583770751953125000000000000000000000000000000000e-02
10 24 2.8571428571428571429200653046531765966165039571933448314666748046875000000000000000000000000000000000e-02
10 25 2.7777777777777777777401318690109199849302967777475714683532714843750000000000000000000000000000000000e-02
10 26 2.7027027027027027026386029120996745689353701891377568244934082031250000000000000000000000000000000000e-02
11 0 8.3333333333333333335592087859344800904182193335145711898803710937500000000000000000000000000000000000e-02
11 1 7.6923076923076923077965579012005292725007166154682636260986328125000000000000000000000000000000000000e-02
11 2 7.1428571428571428570460533774566513898207631427794694900512695312500000000000000000000000000000000000e-02
11 3 6.6666666666666666669828923003082721265855070669203996658325195312500000000000000000000000000000000000e-02
11 4 6.2500000000000000000000000000000000000000000000000000000000000000000000000000000000000000000000000000e-02
11 5 5.8823529411764705882552243046412776550369017058983445167541503906250000000000000000000000000000000000e-02
11 6 5.5555555555555555554802637380218399698605935554951429367065429687500000000000000000000000000000000000e-02
11 7 5.2631578947368421051561642592941936413808434735983610153198242187500000000000000000000000000000000000e-02
11 8 5.0000000000000000000677626357803440271254658000543713569641113281250000000000000000000000000000000000e-02
11 9 4.7619047619047619046973689183044342598805087618529796600341796875000000000000000000000000000000000000e-02
11 10 4.5454545454545454546686593377824436856826650910079479217529296875000000000000000000000000000000000000e-02
11 11 4.3478260869565217390715107514953530198908993043005466461181640625000000000000000000000000000000000000e-02
11 12 4.1666666666666666667796043929672400452091096667572855949401855468750000000000000000000000000000000000e-02
11 13 3.9999999999999999999186848370635871674494410399347543716430664062500000000000000000000000000000000000e-02
11 14 3.8461538461538461538982789506002646362503583077341318130493164062500000000000000000000000000000000000e-02
11 15 3.7037037037037037037664468849818000251161720370873808860778808593750000000000000000000000000000000000e-02
11 16 3.5714285714285714285230266887283256949103815713897347450256347656250000000000000000000000000000000000e-02
11 17 3.4482758620689655171595968188857916914002998964861035346984863281250000000000000000000000000000000000e-02
11 18 3.3333333333333333334914461501541360632927535334601998329162597656250000000000000000000000000000000000e-02
11 19 3.2258064516129032257190159538318141585477860644459724426269531250000000000000000000000000000000000000e-02
11 20 3.1250000000000000000000000000000000000000000000000000000000000000000000000000000000000000000000000000e-02
11 21 3.0303030303030303031124395585216291237884433940052986145019531250000000000000000000000000000000000000e-02
11 22 2.9411764705882352941276121523206388275184508529491722583770751953125000000000000000000000000000000000e-02
11 23 2.8571428571428571429200653046531765966165039571933448314666748046875000000000000000000000000000000000e-02
11 24 2.7777777777777777777401318690109199849302967777475714683532714843750000000000000000000000000000000000e-02
11 25 2.7027027027027027026386029120996745689353701891377568244934082031250000000000000000000000000000000000e-02
11 26 2.6315789473684210525780821296470968206904217367991805076599121093750000000000000000000000000000000000e-02
12 0 7.6923076923076923077965579012005292725007166154682636260986328125000000000000000000000000000000000000e-02
12 1 7.1428571428571428570460533774566513898207631427794694900512695312500000000000000000000000000000000000e-02
12 2 6.6666666666666666669828923003082721265855070669203996658325195312500000000000000000000000000000000000e-02
12 3 6.2500000000000000000000000000000000000000000000000000000000000000000000000000000000000000000000000000e-02
12 4 5.8823529411764705882552243046412776550369017058983445167541503906250000000000000000000000000000000000e-02
12 5 5.5555555555555555554802637380218399698605935554951429367065429687500000000000000000000000000000000000e-02
12 6 5.2631578947368421051561642592941936413808434735983610153198242187500000000000000000000000000000000000e-02
12 7 5.0000000000000000000677626357803440271254658000543713569641113281250000000000000000000000000000000000e-02
12 8 4.7619047619047619046973689183044342598805087618529796600341796875000000000000000000000000000000000000e-02
12 9 4.5454545454545454546686593377824436856826650910079479217529296875000000000000000000000000000000000000e-02
12 10 4.3478260869565217390715107514953530198908993043005466461181640625000000000000000000000000000000000000e-02
12 11 4.1666666666666666667796043929672400452091096667572855949401855468750000000000000000000000000000000000e-02
12 12 3.9999999999999999999186848370635871674494410399347543716430664062500000000000000000000000000000000000e-02
12 13 3.8461538461538461538982789506002646362503583077341318130493164062500000000000000000000000000000000000e-02
12 14 3.7037037037037037037664468849818000251161720370873808860778808593750000000000000000000000000000000000e-02
12 15 3.5714285714285714285230266887283256949103815713897347450256347656250000000000000000000000000000000000e-02
12 16 3.4482758620689655171595968188857916914002998964861035346984863281250000000000000000000000000000000000e-02
12 17 3.3333333333333333334914461501541360632927535334601998329162597656250000000000000000000000000000000000e-02
12 18 3.2258064516129032257190159538318141585477860644459724426269531250000000000000000000000000000000000000e-02
12 19 3.1250000000000000000000000000000000000000000000000000000000000000000000000000000000000000000000000000e-02
12 20 3.0303030303030303031124395585216291237884433940052986145019531250000000000000000000000000000000000000e-02
12 21 2.9411764705882352941276121523206388275184508529491722583770751953125000000000000000000000000000000000e-02
12 22 2.8571428571428571429200653046531765966165039571933448314666748046875000000000000000000000000000000000e-02
12 23 2.7777777777777777777401318690109199849302967777475714683532714843750000000000000000000000000000000000e-02
12 24 2.7027027027027027026386029120996745689353701891377568244934082031250000000000000000000000000000000000e-02
12 25 2.6315789473684210525780821296470968206904217367991805076599121093750000000000000000000000000000000000e-02
12 26 2.5641025641025641025423837705832230682290173717774450778961181640625000000000000000000000000000000000e-02
13 0 7.1428571428571428570460533774566513898207631427794694900512695312500000000000000000000000000000000000e-02
13 1 6.6666666666666666669828923003082721265855070669203996658325195312500000000000000000000000000000000000e-02
13 2 6.2500000000000000000000000000000000000000000000000000000000000000000000000000000000000000000000000000e-02
13 3 5.8823529411764705882552243046412776550369017058983445167541503906250000000000000000000000000000000000e-02
13 4 5.5555555555555555554802637380218399698605935554951429367065429687500000000000000000000000000000000000e-02
13 5 5.2631578947368421051561642592941936413808434735983610153198242187500000000000000000000000000000000000e-02
13 6 5.0000000000000000000677626357803440271254658000543713569641113281250000000000000000000000000000000000e-02
13 7 4.7619047619047619046973689183044342598805087618529796600341796875000000000000000000000000000000000000e-02
13 8 4.5454545454545454546686593377824436856826650910079479217529296875000000000000000000000000000000000000e-02
13 9 4.3478260869565217390715107514953530198908993043005466461181640625000000000000000000000000000000000000e-02
13 10 4.1666666666666666667796043929672400452091096667572855949401855468750000000000000000000000000000000000e-02
13 11 3.9999999999999999999186848370635871674494410399347543716430664062500000000000000000000000000000000000e-02
13 12 3.8461538461538461538982789506002646362503583077341318130493164062500000000000000000000000000000000000e-02
13 13 3.7037037037037037037664468849818000251161720370873808860778808593750000000000000000000000000000000000e-02
13 14 3.5714285714285714285230266887283256949103815713897347450256347656250000000000000000000000000000000000e-02
13 15 3.4482758620689655171595968188857916914002998964861035346984863281250000000000000000000000000000000000e-02
13 16 3.3333333333333333334914461501541360632927535334601998329162597656250000000000000000000000000000000000e-02
13 17 3.2258064516129032257190159538318141585477860644459724426269531250000000000000000000000000000000000000e-02
13 18 3.1250000000000000000000000000000000000000000000000000000000000000000000000000000000000000000000000000e-02
13 19 3.0303030303030303031124395585216291237884433940052986145019531250000000000000000000000000000000000000e-02
13 20 2.9411764705882352941276121523206388275184508529491722583770751953125000000000000000000000000000000000e-02
13 21 2.8571428571428571429200653046531765966165039571933448314666748046875000000000000000000000000000000000e-02
13 22 2.7777777777777777777401318690109199849302967777475714683532714843750000000000000000000000000000000000e-02
13 23 2.7027027027027027026386029120996745689353701891377568244934082031250000000000000000000000000000000000e-02
13 24 2.6315789473684210525780821296470968206904217367991805076599121093750000000000000000000000000000000000e-02
13 25 2.5641025641025641025423837705832230682290173717774450778961181640625000000000000000000000000000000000e-02
13 26 2.5000000000000000000338813178901720135627329000271856784820556640625000000000000000000000000000000000e-02
14 0 6.6666666666666666669828923003082721265855070669203996658325195312500000000000000000000000000000000000e-02
14 1 6.2500000000000000000000000000000000000000000000000000000000000000000000000000000000000000000000000000e-02
14 2 5.8823529411764705882552243046412776550369017058983445167541503906250000000000000000000000000000000000e-02
14 3 5.5555555555555555554802637380218399698605935554951429367065429687500000000000000000000000000000000000e-02
14 4 5.2631578947368421051561642592941936413808434735983610153198242187500000000000000000000000000000000000e-02
14 5 5.0000000000000000000677626357803440271254658000543713569641113281250000000000000000000000000000000000e-02
14 6 4.7619047619047619046973689183044342598805087618529796600341796875000000000000000000000000000000000000e-02
14 7 4.5454545454545454546686593377824436856826650910079479217529296875000000000000000000000000000000000000e-02
14 8 4.3478260869565217390715107514953530198908993043005466461181640625000000000000000000000000000000000000e-02
14 9 4.1666666666666666667796043929672400452091096667572855949401855468750000000000000000000000000000000000e-02
14 10 3.9999999999999999999186848370635871674494410399347543716430664062500000000000000000000000000000000000e-02
14 11 3.8461538461538461538982789506002646362503583077341318130493164062500000000000000000000000000000000000e-02
14 12 3.7037037037037037037664468849818000251161720370873808860778808593750000000000000000000000000000000000e-02
14 13 3.5714285714285714285230266887283256949103815713897347450256347656250000000000000000000000000000000000e-02
14 14 3.4482758620689655171595968188857916914002998964861035346984863281250000000000000000000000000000000000e-02
14 15 3.3333333333333333334914461501541360632927535334601998329162597656250000000000000000000000000000000000e-02
14 16 3.2258064516129032257190159538318141585477860644459724426269531250000000000000000000000000000000000000e-02
14 17 3.1250000000000000000000000000000000000000000000000000000000000000000000000000000000000000000000000000e-02
14 18 3.0303030303030303031124395585216291237884433940052986145019531250000000000000000000000000000000000000e-02
14 19 2.9411764705882352941276121523206388275184508529491722583770751953125000000000000000000000000000000000e-02
14 20 2.8571428571428571429200653046531765966165039571933448314666748046875000000000000000000000000000000000e-02
14 21 2.7777777777777777777401318690109199849302967777475714683532714843750000000000000000000000000000000000e-02
14 22 2.7027027027027027026386029120996745689353701891377568244934082031250000000000000000000000000000000000e-02
14 23 2.6315789473684210525780821296470968206904217367991805076599121093750000000000000000000000000000000000e-02
14 24 2.5641025641025641025423837705832230682290173717774450778961181640625000000000000000000000000000000000e-02
14 25 2.5000000000000000000338813178901720135627329000271856784820556640625000000000000000000000000000000000e-02
14 26 2.4390243902439024389417528831947024059445539023727178573608398437500000000000000000000000000000000000e-02
15 0 6.2500000000000000000000000000000000000000000000000000000000000000000000000000000000000000000000000000e-02
15 1 5.8823529411764705882552243046412776550369017058983445167541503906250000000000000000000000000000000000e-02
15 2 5.5555555555555555554802637380218399698605935554951429367065429687500000000000000000000000000000000000e-02
15 3 5.2631578947368421051561642592941936413808434735983610153198242187500000000000000000000000000000000000e-02
15 4 5.0000000000000000000677626357803440271254658000543713569641113281250000000000000000000000000000000000e-02
15 5 4.7619047619047619046973689183044342598805087618529796600341796875000000000000000000000000000000000000e-02
15 6 4.5454545454545454546686593377824436856826650910079479217529296875000000000000000000000000000000000000e-02
15 7 4.3478260869565217390715107514953530198908993043005466461181640625000000000000000000000000000000000000e-02
15 8 4.1666666666666666667796043929672400452091096667572855949401855468750000000000000000000000000000000000e-02
15 9 3.9999999999999999999186848370635871674494410399347543716430664062500000000000000000000000000000000000e-02
15 10 3.8461538461538461538982789506002646362503583077341318130493164062500000000000000000000000000000000000e-02
15 11 3.7037037037037037037664468849818000251161720370873808860778808593750000000000000000000000000000000000e-02
15 12 3.5714285714285714285230266887283256949103815713897347450256347656250000000000000000000000000000000000e-02
15 13 3.4482758620689655171595968188857916914002998964861035346984863281250000000000000000000000000000000000e-02
15 14 3.3333333333333333334914461501541360632927535334601998329162597656250000000000000000000000000000000000e-02
15 15 3.2258064516129032257190159538318141585477860644459724426269531250000000000000000000000000000000000000e-02
15 16 3.1250000000000000000000000000000000000000000000000000000000000000000000000000000000000000000000000000e-02
15 17 3.0303030303030303031124395585216291237884433940052986145019531250000000000000000000000000000000000000e-02
15 18 2.9411764705882352941276121523206388275184508529491722583770751953125000000000000000000000000000000000e-02
15 19 2.8571428571428571429200653046531765966165039571933448314666748046875000000000000000000000000000000000e-02
15 20 2.7777777777777777777401318690109199849302967777475714683532714843750000000000000000000000000000000000e-02
15 21 2.7027027027027027026386029120996745689353701891377568244934082031250000000000000000000000000000000000e-02
15 22 2.6315789473684210525780821296470968206904217367991805076599121093750000000000000000000000000000000000e-02
15 23 2.5641025641025641025423837705832230682290173717774450778961181640625000000000000000000000000000000000e-02
15 24 2.5000000000000000000338813178901720135627329000271856784820556640625000000000000000000000000000000000e-02
15 25 2.4390243902439024389417528831947024059445539023727178573608398437500000000000000000000000000000000000e-02
15 26 2.3809523809523809523486844591522171299402543809264898300170898437500000000000000000000000000000000000e-02
16 0 5.8823529411764705882552243046412776550369017058983445167541503906250000000000000000000000000000000000e-02
16 1 5.5555555555555555554802637380218399698605935554951429367065429687500000000000000000000000000000000000e-02
16 2 5.2631578947368421051561642592941936413808434735983610153198242187500000000000000000000000000000000000e-02
16 3 5.0000000000000000000677626357803440271254658000543713569641113281250000000000000000000000000000000000e-02
16 4 4.7619047619047619046973689183044342598805087618529796600341796875000000000000000000000000000000000000e-02
16 5 4.5454545454545454546686593377824436856826650910079479217529296875000000000000000000000000000000000000e-02
16 6 4.3478260869565217390715107514953530198908993043005466461181640625000000000000000000000000000000000000e-02
16 7 4.1666666666666666667796043929672400452091096667572855949401855468750000000000000000000000000000000000e-02
16 8 3.9999999999999999999186848370635871674494410399347543716430664062500000000000000000000000000000000000e-02
16 9 3.8461538461538461538982789506002646362503583077341318130493164062500000000000000000000000000000000000e-02
16 10 3.7037037037037037037664468849818000251161720370873808860778808593750000000000000000000000000000000000e-02
16 11 3.5714285714285714285230266887283256949103815713897347450256347656250000000000000000000000000000000000e-02
16 12 3.4482758620689655171595968188857916914002998964861035346984863281250000000000000000000000000000000000e-02
16 13 3.3333333333333333334914461501541360632927535334601998329162597656250000000000000000000000000000000000e-02
16 14 3.2258064516129032257190159538318141585477860644459724426269531250000000000000000000000000000000000000e-02
16 15 3.1250000000000000000000000000000000000000000000000000000000000000000000000000000000000000000000000000e-02
16 16 3.0303030303030303031124395585216291237884433940052986145019531250000000000000000000000000000000000000e-02
16 17 2.9411764705882352941276121523206388275184508529491722583770751953125000000000000000000000000000000000e-02
16 18 2.8571428571428571429200653046531765966165039571933448314666748046875000000000000000000000000000000000e-02
16 19 2.7777777777777777777401318690109199849302967777475714683532714843750000000000000000000000000000000000e-02
16 20 2.7027027027027027026386029120996745689353701891377568244934082031250000000000000000000000000000000000e-02
16 21 2.6315789473684210525780821296470968206904217367991805076599121093750000000000000000000000000000000000e-02
16 22 2.5641025641025641025423837705832230682290173717774450778961181640625000000000000000000000000000000000e-02
16 23 2.5000000000000000000338813178901720135627329000271856784820556640625000000000000000000000000000000000e-02
16 24 2.4390243902439024389417528831947024059445539023727178573608398437500000000000000000000000000000000000e-02
16 25 2.3809523809523809523486844591522171299402543809264898300170898437500000000000000000000000000000000000e-02
16 26 2.3255813953488372093850590320573967773043477791361510753631591796875000000000000000000000000000000000e-02
17 0 5.5555555555555555554802637380218399698605935554951429367065429687500000000000000000000000000000000000e-02
17 1 5.2631578947368421051561642592941936413808434735983610153198242187500000000000000000000000000000000000e-02
17 2 5.0000000000000000000677626357803440271254658000543713569641113281250000000000000000000000000000000000e-02
17 3 4.7619047619047619046973689183044342598805087618529796600341796875000000000000000000000000000000000000e-02
17 4 4.5454545454545454546686593377824436856826650910079479217529296875000000000000000000000000000000000000e-02
17 5 4.3478260869565217390715107514953530198908993043005466461181640625000000000000000000000000000000000000e-02
17 6 4.1666666666666666667796043929672400452091096667572855949401855468750000000000000000000000000000000000e-02
17 7 3.9999999999999999999186848370635871674494410399347543716430664062500000000000000000000000000000000000e-02
17 8 3.8461538461538461538982789506002646362503583077341318130493164062500000000000000000000000000000000000e-02
17 9 3.7037037037037037037664468849818000251161720370873808860778808593750000000000000000000000000000000000e-02
17 10 3.5714285714285714285230266887283256949103815713897347450256347656250000000000000000000000000000000000e-02
17 11 3.4482758620689655171595968188857916914002998964861035346984863281250000000000000000000000000000000000e-02
17 12 3.3333333333333333334914461501541360632927535334601998329162597656250000000000000000000000000000000000e-02
17 13 3.2258064516129032257190159538318141585477860644459724426269531250000000000000000000000000000000000000e-02
17 14 3.1250000000000000000000000000000000000000000000000000000000000000000000000000000000000000000000000000e-02
17 15 3.0303030303030303031124395585216291237884433940052986145019531250000000000000000000000000000000000000e-02
17 16 2.9411764705882352941276121523206388275184508529491722583770751953125000000000000000000000000000000000e-02
17 17 2.8571428571428571429200653046531765966165039571933448314666748046875000000000000000000000000000000000e-02
17 18 2.7777777777777777777401318690109199849302967777475714683532714843750000000000000000000000000000000000e-02
17 19 2.7027027027027027026386029120996745689353701891377568244934082031250000000000000000000000000000000000e-02
17 20 2.6315789473684210525780821296470968206904217367991805076599121093750000000000000000000000000000000000e-02
17 21 2.5641025641025641025423837705832230682290173717774450778961181640625000000000000000000000000000000000e-02
17 22 2.5000000000000000000338813178901720135627329000271856784820556640625000000000000000000000000000000000e-02
17 23 2.4390243902439024389417528831947024059445539023727178573608398437500000000000000000000000000000000000e-02
17 24 2.3809523809523809523486844591522171299402543809264898300170898437500000000000000000000000000000000000e-02
17 25 2.3255813953488372093850590320573967773043477791361510753631591796875000000000000000000000000000000000e-02
17 26 2.2727272727272727273343296688912218428413325455039739608764648437500000000000000000000000000000000000e-02
18 0 5.2631578947368421051561642592941936413808434735983610153198242187500000000000000000000000000000000000e-02
18 1 5.0000000000000000000677626357803440271254658000543713569641113281250000000000000000000000000000000000e-02
18 2 4.7619047619047619046973689183044342598805087618529796600341796875000000000000000000000000000000000000e-02
18 3 4.5454545454545454546686593377824436856826650910079479217529296875000000000000000000000000000000000000e-02
18 4 4.3478260869565217390715107514953530198908993043005466461181640625000000000000000000000000000000000000e-02
18 5 4.1666666666666666667796043929672400452091096667572855949401855468750000000000000000000000000000000000e-02
18 6 3.9999999999999999999186848370635871674494410399347543716430664062500000000000000000000000000000000000e-02
18 7 3.8461538461538461538982789506002646362503583077341318130493164062500000000000000000000000000000000000e-02
18 8 3.7037037037037037037664468849818000251161720370873808860778808593750000000000000000000000000000000000e-02
18 9 3.5714285714285714285230266887283256949103815713897347450256347656250000000000000000000000000000000000e-02
18 10 3.4482758620689655171595968188857916914002998964861035346984863281250000000000000000000000000000000000e-02
18 11 3.3333333333333333334914461501541360632927535334601998329162597656250000000000000000000000000000000000e-02
18 12 3.2258064516129032257190159538318141585477860644459724426269531250000000000000000000000000000000000000e-02
18 13 3.1250000000000000000000000000000000000000000000000000000000000000000000000000000000000000000000000000e-02
18 14 3.0303030303030303031124395585216291237884433940052986145019531250000000000000000000000000000000000000e-02
18 15 2.9411764705882352941276121523206388275184508529491722583770751953125000000000000000000000000000000000e-02
18 16 2.8571428571428571429200653046531765966165039571933448314666748046875000000000000000000000000000000000e-02
18 17 2.7777777777777777777401318690109199849302967777475714683532714843750000000000000000000000000000000000e-02
18 18 2.7027027027027027026386029120996745689353701891377568244934082031250000000000000000000000000000000000e-02
18 19 2.6315789473684210525780821296470968206904217367991805076599121093750000000000000000000000000000000000e-02
18 20 2.5641025641025641025423837705832230682290173717774450778961181640625000000000000000000000000000000000e-02
18 21 2.5000000000000000000338813178901720135627329000271856784820556640625000000000000000000000000000000000e-02
18 22 2.4390243902439024389417528831947024059445539023727178573608398437500000000000000000000000000000000000e-02
18 23 2.3809523809523809523486844591522171299402543809264898300170898437500000000000000000000000000000000000e-02
18 24 2.3255813953488372093850590320573967773043477791361510753631591796875000000000000000000000000000000000e-02
18 25 2.2727272727272727273343296688912218428413325455039739608764648437500000000000000000000000000000000000e-02
18 26 2.2222222222222222221582241773185639743815045221708714962005615234375000000000000000000000000000000000e-02
19 0 5.0000000000000000000677626357803440271254658000543713569641113281250000000000000000000000000000000000e-02
19 1 4.7619047619047619046973689183044342598805087618529796600341796875000000000000000000000000000000000000e-02
19 2 4.5454545454545454546686593377824436856826650910079479217529296875000000000000000000000000000000000000e-02
19 3 4.3478260869565217390715107514953530198908993043005466461181640625000000000000000000000000000000000000e-02
19 4 4.1666666666666666667796043929672400452091096667572855949401855468750000000000000000000000000000000000e-02
19 5 3.9999999999999999999186848370635871674494410399347543716430664062500000000000000000000000000000000000e-02
19 6 3.8461538461538461538982789506002646362503583077341318130493164062500000000000000000000000000000000000e-02
19 7 3.7037037037037037037664468849818000251161720370873808860778808593750000000000000000000000000000000000e-02
19 8 3.5714285714285714285230266887283256949103815713897347450256347656250000000000000000000000000000000000e-02
19 9 3.4482758620689655171595968188857916914002998964861035346984863281250000000000000000000000000000000000e-02
19 10 3.3333333333333333334914461501541360632927535334601998329162597656250000000000000000000000000000000000e-02
19 11 3.2258064516129032257190159538318141585477860644459724426269531250000000000000000000000000000000000000e-02
19 12 3.1250000000000000000000000000000000000000000000000000000000000000000000000000000000000000000000000000e-02
19 13 3.0303030303030303031124395585216291237884433940052986145019531250000000000000000000000000000000000000e-02
19 14 2.9411764705882352941276121523206388275184508529491722583770751953125000000000000000000000000000000000e-02
19 15 2.8571428571428571429200653046531765966165039571933448314666748046875000000000000000000000000000000000e-02
19 16 2.7777777777777777777401318690109199849302967777475714683532714843750000000000000000000000000000000000e-02
19 17 2.7027027027027027026386029120996745689353701891377568244934082031250000000000000000000000000000000000e-02
19 18 2.6315789473684210525780821296470968206904217367991805076599121093750000000000000000000000000000000000e-02
19 19 2.5641025641025641025423837705832230682290173717774450778961181640625000000000000000000000000000000000e-02
19 20 2.5000000000000000000338813178901720135627329000271856784820556640625000000000000000000000000000000000e-02
19 21 2.4390243902439024389417528831947024059445539023727178573608398437500000000000000000000000000000000000e-02
19 22 2.3809523809523809523486844591522171299402543809264898300170898437500000000000000000000000000000000000e-02
19 23 2.3255813953488372093850590320573967773043477791361510753631591796875000000000000000000000000000000000e-02
19 24 2.2727272727272727273343296688912218428413325455039739608764648437500000000000000000000000000000000000e-02
19 25 2.2222222222222222221582241773185639743815045221708714962005615234375000000000000000000000000000000000e-02
19 26 2.1739130434782608695357553757476765099454496521502733230590820312500000000000000000000000000000000000e-02
20 0 4.7619047619047619046973689183044342598805087618529796600341796875000000000000000000000000000000000000e-02
20 1 4.5454545454545454546686593377824436856826650910079479217529296875000000000000000000000000000000000000e-02
20 2 4.3478260869565217390715107514953530198908993043005466461181640625000000000000000000000000000000000000e-02
20 3 4.1666666666666666667796043929672400452091096667572855949401855468750000000000000000000000000000000000e-02
20 4 3.9999999999999999999186848370635871674494410399347543716430664062500000000000000000000000000000000000e-02
20 5 3.8461538461538461538982789506002646362503583077341318130493164062500000000000000000000000000000000000e-02
20 6 3.7037037037037037037664468849818000251161720370873808860778808593750000000000000000000000000000000000e-02
20 7 3.5714285714285714285230266887283256949103815713897347450256347656250000000000000000000000000000000000e-02
20 8 3.4482758620689655171595968188857916914002998964861035346984863281250000000000000000000000000000000000e-02
20 9 3.3333333333333333334914461501541360632927535334601998329162597656250000000000000000000000000000000000e-02
20 10 3.2258064516129032257190159538318141585477860644459724426269531250000000000000000000000000000000000000e-02
20 11 3.1250000000000000000000000000000000000000000000000000000000000000000000000000000000000000000000000000e-02
20 12 3.0303030303030303031124395585216291237884433940052986145019531250000000000000000000000000000000000000e-02
20 13 2.9411764705882352941276121523206388275184508529491722583770751953125000000000000000000000000000000000e-02
20 14 2.8571428571428571429200653046531765966165039571933448314666748046875000000000000000000000000000000000e-02
20 15 2.7777777777777777777401318690109199849302967777475714683532714843750000000000000000000000000000000000e-02
20 16 2.7027027027027027026386029120996745689353701891377568244934082031250000000000000000000000000000000000e-02
20 17 2.6315789473684210525780821296470968206904217367991805076599121093750000000000000000000000000000000000e-02
20 18 2.5641025641025641025423837705832230682290173717774450778961181640625000000000000000000000000000000000e-02
20 19 2.5000000000000000000338813178901720135627329000271856784820556640625000000000000000000000000000000000e-02
20 20 2.4390243902439024389417528831947024059445539023727178573608398437500000000000000000000000000000000000e-02
20 21 2.3809523809523809523486844591522171299402543809264898300170898437500000000000000000000000000000000000e-02
20 22 2.3255813953488372093850590320573967773043477791361510753631591796875000000000000000000000000000000000e-02
20 23 2.2727272727272727273343296688912218428413325455039739608764648437500000000000000000000000000000000000e-02
20 24 2.2222222222222222221582241773185639743815045221708714962005615234375000000000000000000000000000000000e-02
20 25 2.1739130434782608695357553757476765099454496521502733230590820312500000000000000000000000000000000000e-02
20 26 2.1276595744680851063793743278840242538763050106354057788848876953125000000000000000000000000000000000e-02
21 0 4.5454545454545454546686593377824436856826650910079479217529296875000000000000000000000000000000000000e-02
21 1 4.3478260869565217390715107514953530198908993043005466461181640625000000000000000000000000000000000000e-02
21 2 4.1666666666666666667796043929672400452091096667572855949401855468750000000000000000000000000000000000e-02
21 3 3.9999999999999999999186848370635871674494410399347543716430664062500000000000000000000000000000000000e-02
21 4 3.8461538461538461538982789506002646362503583077341318130493164062500000000000000000000000000000000000e-02
21 5 3.7037037037037037037664468849818000251161720370873808860778808593750000000000000000000000000000000000e-02
21 6 3.5714285714285714285230266887283256949103815713897347450256347656250000000000000000000000000000000000e-02
21 7 3.4482758620689655171595968188857916914002998964861035346984863281250000000000000000000000000000000000e-02
21 8 3.3333333333333333334914461501541360632927535334601998329162597656250000000000000000000000000000000000e-02
21 9 3.2258064516129032257190159538318141585477860644459724426269531250000000000000000000000000000000000000e-02
21 10 3.1250000000000000000000000000000000000000000000000000000000000000000000000000000000000000000000000000e-02
21 11 3.0303030303030303031124395585216291237884433940052986145019531250000000000000000000000000000000000000e-02
21 12 2.9411764705882352941276121523206388275184508529491722583770751953125000000000000000000000000000000000e-02
21 13 2.8571428571428571429200653046531765966165039571933448314666748046875000000000000000000000000000000000e-02
21 14 2.7777777777777777777401318690109199849302967777475714683532714843750000000000000000000000000000000000e-02
21 15 2.7027027027027027026386029120996745689353701891377568244934082031250000000000000000000000000000000000e-02
21 16 2.6315789473684210525780821296470968206904217367991805076599121093750000000000000000000000000000000000e-02
21 17 2.5641025641025641025423837705832230682290173717774450778961181640625000000000000000000000000000000000e-02
21 18 2.5000000000000000000338813178901720135627329000271856784820556640625000000000000000000000000000000000e-02
21 19 2.4390243902439024389417528831947024059445539023727178573608398437500000000000000000000000000000000000e-02
21 20 2.3809523809523809523486844591522171299402543809264898300170898437500000000000000000000000000000000000e-02
21 21 2.3255813953488372093850590320573967773043477791361510753631591796875000000000000000000000000000000000e-02
21 22 2.2727272727272727273343296688912218428413325455039739608764648437500000000000000000000000000000000000e-02
21 23 2.2222222222222222221582241773185639743815045221708714962005615234375000000000000000000000000000000000e-02
21 24 2.1739130434782608695357553757476765099454496521502733230590820312500000000000000000000000000000000000e-02
21 25 2.1276595744680851063793743278840242538763050106354057788848876953125000000000000000000000000000000000e-02
21 26 2.0833333333333333333898021964836200226045548333786427974700927734375000000000000000000000000000000000e-02
22 0 4.3478260869565217390715107514953530198908993043005466461181640625000000000000000000000000000000000000e-02
22 1 4.1666666666666666667796043929672400452091096667572855949401855468750000000000000000000000000000000000e-02
22 2 3.9999999999999999999186848370635871674494410399347543716430664062500000000000000000000000000000000000e-02
22 3 3.8461538461538461538982789506002646362503583077341318130493164062500000000000000000000000000000000000e-02
22 4 3.7037037037037037037664468849818000251161720370873808860778808593750000000000000000000000000000000000e-02
22 5 3.5714285714285714285230266887283256949103815713897347450256347656250000000000000000000000000000000000e-02
22 6 3.4482758620689655171595968188857916914002998964861035346984863281250000000000000000000000000000000000e-02
22 7 3.3333333333333333334914461501541360632927535334601998329162597656250000000000000000000000000000000000e-02
22 8 3.2258064516129032257190159538318141585477860644459724426269531250000000000000000000000000000000000000e-02
22 9 3.1250000000000000000000000000000000000000000000000000000000000000000000000000000000000000000000000000e-02
22 10 3.0303030303030303031124395585216291237884433940052986145019531250000000000000000000000000000000000000e-02
22 11 2.9411764705882352941276121523206388275184508529491722583770751953125000000000000000000000000000000000e-02
22 12 2.8571428571428571429200653046531765966165039571933448314666748046875000000000000000000000000000000000e-02
22 13 2.7777777777777777777401318690109199849302967777475714683532714843750000000000000000000000000000000000e-02
22 14 2.7027027027027027026386029120996745689353701891377568244934082031250000000000000000000000000000000000e-02
22 15 2.6315789473684210525780821296470968206904217367991805076599121093750000000000000000000000000000000000e-02
22 16 2.5641025641025641025423837705832230682290173717774450778961181640625000000000000000000000000000000000e-02
22 17 2.5000000000000000000338813178901720135627329000271856784820556640625000000000000000000000000000000000e-02
22 18 2.4390243902439024389417528831947024059445539023727178573608398437500000000000000000000000000000000000e-02
22 19 2.3809523809523809523486844591522171299402543809264898300170898437500000000000000000000000000000000000e-02
22 20 2.3255813953488372093850590320573967773043477791361510753631591796875000000000000000000000000000000000e-02
22 21 2.2727272727272727273343296688912218428413325455039739608764648437500000000000000000000000000000000000e-02
22 22 2.2222222222222222221582241773185639743815045221708714962005615234375000000000000000000000000000000000e-02
22 23 2.1739130434782608695357553757476765099454496521502733230590820312500000000000000000000000000000000000e-02
22 24 2.1276595744680851063793743278840242538763050106354057788848876953125000000000000000000000000000000000e-02
22 25 2.0833333333333333333898021964836200226045548333786427974700927734375000000000000000000000000000000000e-02
22 26 2.0408163265306122448461000236374918159754088264890015125274658203125000000000000000000000000000000000e-02
23 0 4.1666666666666666667796043929672400452091096667572855949401855468750000000000000000000000000000000000e-02
23 1 3.9999999999999999999186848370635871674494410399347543716430664062500000000000000000000000000000000000e-02
23 2 3.8461538461538461538982789506002646362503583077341318130493164062500000000000000000000000000000000000e-02
23 3 3.7037037037037037037664468849818000251161720370873808860778808593750000000000000000000000000000000000e-02
23 4 3.5714285714285714285230266887283256949103815713897347450256347656250000000000000000000000000000000000e-02
23 5 3.4482758620689655171595968188857916914002998964861035346984863281250000000000000000000000000000000000e-02
23 6 3.3333333333333333334914461501541360632927535334601998329162597656250000000000000000000000000000000000e-02
23 7 3.2258064516129032257190159538318141585477860644459724426269531250000000000000000000000000000000000000e-02
23 8 3.1250000000000000000000000000000000000000000000000000000000000000000000000000000000000000000000000000e-02
23 9 3.0303030303030303031124395585216291237884433940052986145019531250000000000000000000000000000000000000e-02
23 10 2.9411764705882352941276121523206388275184508529491722583770751953125000000000000000000000000000000000e-02
23 11 2.8571428571428571429200653046531765966165039571933448314666748046875000000000000000000000000000000000e-02
23 12 2.7777777777777777777401318690109199849302967777475714683532714843750000000000000000000000000000000000e-02
23 13 2.7027027027027027026386029120996745689353701891377568244934082031250000000000000000000000000000000000e-02
23 14 2.6315789473684210525780821296470968206904217367991805076599121093750000000000000000000000000000000000e-02
23 15 2.5641025641025641025423837705832230682290173717774450778961181640625000000000000000000000000000000000e-02
23 16 2.5000000000000000000338813178901720135627329000271856784820556640625000000000000000000000000000000000e-02
23 17 2.4390243902439024389417528831947024059445539023727178573608398437500000000000000000000000000000000000e-02
23 18 2.3809523809523809523486844591522171299402543809264898300170898437500000000000000000000000000000000000e-02
23 19 2.3255813953488372093850590320573967773043477791361510753631591796875000000000000000000000000000000000e-02
23 20 2.2727272727272727273343296688912218428413325455039739608764648437500000000000000000000000000000000000e-02
23 21 2.2222222222222222221582241773185639743815045221708714962005615234375000000000000000000000000000000000e-02
23 22 2.1739130434782608695357553757476765099454496521502733230590820312500000000000000000000000000000000000e-02
23 23 2.1276595744680851063793743278840242538763050106354057788848876953125000000000000000000000000000000000e-02
23 24 2.0833333333333333333898021964836200226045548333786427974700927734375000000000000000000000000000000000e-02
23 25 2.0408163265306122448461000236374918159754088264890015125274658203125000000000000000000000000000000000e-02
23 26 1.9999999999999999999593424185317935837247205199673771858215332031250000000000000000000000000000000000e-02
24 0 3.9999999999999999999186848370635871674494410399347543716430664062500000000000000000000000000000000000e-02
24 1 3.8461538461538461538982789506002646362503583077341318130493164062500000000000000000000000000000000000e-02
24 2 3.7037037037037037037664468849818000251161720370873808860778808593750000000000000000000000000000000000e-02
24 3 3.5714285714285714285230266887283256949103815713897347450256347656250000000000000000000000000000000000e-02
24 4 3.4482758620689655171595968188857916914002998964861035346984863281250000000000000000000000000000000000e-02
24 5 3.3333333333333333334914461501541360632927535334601998329162597656250000000000000000000000000000000000e-02
24 6 3.2258064516129032257190159538318141585477860644459724426269531250000000000000000000000000000000000000e-02
24 7 3.1250000000000000000000000000000000000000000000000000000000000000000000000000000000000000000000000000e-02
24 8 3.0303030303030303031124395585216291237884433940052986145019531250000000000000000000000000000000000000e-02
24 9 2.9411764705882352941276121523206388275184508529491722583770751953125000000000000000000000000000000000e-02
24 10 2.8571428571428571429200653046531765966165039571933448314666748046875000000000000000000000000000000000e-02
24 11 2.7777777777777777777401318690109199849302967777475714683532714843750000000000000000000000000000000000e-02
24 12 2.7027027027027027026386029120996745689353701891377568244934082031250000000000000000000000000000000000e-02
24 13 2.6315789473684210525780821296470968206904217367991805076599121093750000000000000000000000000000000000e-02
24 14 2.5641025641025641025423837705832230682290173717774450778961181640625000000000000000000000000000000000e-02
24 15 2.5000000000000000000338813178901720135627329000271856784820556640625000000000000000000000000000000000e-02
24 16 2.4390243902439024389417528831947024059445539023727178573608398437500000000000000000000000000000000000e-02
24 17 2.3809523809523809523486844591522171299402543809264898300170898437500000000000000000000000000000000000e-02
24 18 2.3255813953488372093850590320573967773043477791361510753631591796875000000000000000000000000000000000e-02
24 19 2.2727272727272727273343296688912218428413325455039739608764648437500000000000000000000000000000000000e-02
24 20 2.2222222222222222221582241773185639743815045221708714962005615234375000000000000000000000000000000000e-02
24 21 2.1739130434782608695357553757476765099454496521502733230590820312500000000000000000000000000000000000e-02
24 22 2.1276595744680851063793743278840242538763050106354057788848876953125000000000000000000000000000000000e-02
24 23 2.0833333333333333333898021964836200226045548333786427974700927734375000000000000000000000000000000000e-02
24 24 2.0408163265306122448461000236374918159754088264890015125274658203125000000000000000000000000000000000e-02
24 25 1.9999999999999999999593424185317935837247205199673771858215332031250000000000000000000000000000000000e-02
24 26 1.9607843137254901961415436313640459076168554020114243030548095703125000000000000000000000000000000000e-02
25 0 3.8461538461538461538982789506002646362503583077341318130493164062500000000000000000000000000000000000e-02
25 1 3.7037037037037037037664468849818000251161720370873808860778808593750000000000000000000000000000000000e-02
25 2 3.5714285714285714285230266887283256949103815713897347450256347656250000000000000000000000000000000000e-02
25 3 3.4482758620689655171595968188857916914002998964861035346984863281250000000000000000000000000000000000e-02
25 4 3.3333333333333333334914461501541360632927535334601998329162597656250000000000000000000000000000000000e-02
25 5 3.2258064516129032257190159538318141585477860644459724426269531250000000000000000000000000000000000000e-02
25 6 3.1250000000000000000000000000000000000000000000000000000000000000000000000000000000000000000000000000e-02
25 7 3.0303030303030303031124395585216291237884433940052986145019531250000000000000000000000000000000000000e-02
25 8 2.9411764705882352941276121523206388275184508529491722583770751953125000000000000000000000000000000000e-02
25 9 2.8571428571428571429200653046531765966165039571933448314666748046875000000000000000000000000000000000e-02
25 10 2.7777777777777777777401318690109199849302967777475714683532714843750000000000000000000000000000000000e-02
25 11 2.7027027027027027026386029120996745689353701891377568244934082031250000000000000000000000000000000000e-02
25 12 2.6315789473684210525780821296470968206904217367991805076599121093750000000000000000000000000000000000e-02
25 13 2.5641025641025641025423837705832230682290173717774450778961181640625000000000000000000000000000000000e-02
25 14 2.5000000000000000000338813178901720135627329000271856784820556640625000000000000000000000000000000000e-02
25 15 2.4390243902439024389417528831947024059445539023727178573608398437500000000000000000000000000000000000e-02
25 16 2.3809523809523809523486844591522171299402543809264898300170898437500000000000000000000000000000000000e-02
25 17 2.3255813953488372093850590320573967773043477791361510753631591796875000000000000000000000000000000000e-02
25 18 2.2727272727272727273343296688912218428413325455039739608764648437500000000000000000000000000000000000e-02
25 19 2.2222222222222222221582241773185639743815045221708714962005615234375000000000000000000000000000000000e-02
25 20 2.1739130434782608695357553757476765099454496521502733230590820312500000000000000000000000000000000000e-02
25 21 2.1276595744680851063793743278840242538763050106354057788848876953125000000000000000000000000000000000e-02
25 22 2.0833333333333333333898021964836200226045548333786427974700927734375000000000000000000000000000000000e-02
25 23 2.0408163265306122448461000236374918159754088264890015125274658203125000000000000000000000000000000000e-02
25 24 1.9999999999999999999593424185317935837247205199673771858215332031250000000000000000000000000000000000e-02
25 25 1.9607843137254901961415436313640459076168554020114243030548095703125000000000000000000000000000000000e-02
25 26 1.9230769230769230769491394753001323181251791538670659065246582031250000000000000000000000000000000000e-02
26 0 3.7037037037037037037664468849818000251161720370873808860778808593750000000000000000000000000000000000e-02
26 1 3.5714285714285714285230266887283256949103815713897347450256347656250000000000000000000000000000000000e-02
26 2 3.4482758620689655171595968188857916914002998964861035346984863281250000000000000000000000000000000000e-02
26 3 3.3333333333333333334914461501541360632927535334601998329162597656250000000000000000000000000000000000e-02
26 4 3.2258064516129032257190159538318141585477860644459724426269531250000000000000000000000000000000000000e-02
26 5 3.1250000000000000000000000000000000000000000000000000000000000000000000000000000000000000000000000000e-02
26 6 3.0303030303030303031124395585216291237884433940052986145019531250000000000000000000000000000000000000e-02
26 7 2.9411764705882352941276121523206388275184508529491722583770751953125000000000000000000000000000000000e-02
26 8 2.8571428571428571429200653046531765966165039571933448314666748046875000000000000000000000000000000000e-02
26 9 2.7777777777777777777401318690109199849302967777475714683532714843750000000000000000000000000000000000e-02
26 10 2.7027027027027027026386029120996745689353701891377568244934082031250000000000000000000000000000000000e-02
26 11 2.6315789473684210525780821296470968206904217367991805076599121093750000000000000000000000000000000000e-02
26 12 2.5641025641025641025423837705832230682290173717774450778961181640625000000000000000000000000000000000e-02
26 13 2.5000000000000000000338813178901720135627329000271856784820556640625000000000000000000000000000000000e-02
26 14 2.4390243902439024389417528831947024059445539023727178573608398437500000000000000000000000000000000000e-02
26 15 2.3809523809523809523486844591522171299402543809264898300170898437500000000000000000000000000000000000e-02
26 16 2.3255813953488372093850590320573967773043477791361510753631591796875000000000000000000000000000000000e-02
26 17 2.2727272727272727273343296688912218428413325455039739608764648437500000000000000000000000000000000000e-02
26 18 2.2222222222222222221582241773185639743815045221708714962005615234375000000000000000000000000000000000e-02
26 19 2.1739130434782608695357553757476765099454496521502733230590820312500000000000000000000000000000000000e-02
26 20 2.1276595744680851063793743278840242538763050106354057788848876953125000000000000000000000000000000000e-02
26 21 2.0833333333333333333898021964836200226045548333786427974700927734375000000000000000000000000000000000e-02
26 22 2.0408163265306122448461000236374918159754088264890015125274658203125000000000000000000000000000000000e-02
26 23 1.9999999999999999999593424185317935837247205199673771858215332031250000000000000000000000000000000000e-02
26 24 1.9607843137254901961415436313640459076168554020114243030548095703125000000000000000000000000000000000e-02
26 25 1.9230769230769230769491394753001323181251791538670659065246582031250000000000000000000000000000000000e-02
26 26 1.8867924528301886792356939666348569772935661603696644306182861328125000000000000000000000000000000000e-02
27
0 3.8914567532520823673128362862883022899040952324867248535156250000000000000000000000000000000000000000e+00
1 2.9271710389663680815675733670744307346467394381761550903320312500000000000000000000000000000000000000e+00
2 2.4616537975870577371288044910002668075321707874536514282226562500000000000000000000000000000000000000e+00
3 2.1616537975870577369553321434025860980909783393144607543945312500000000000000000000000000000000000000e+00
4 1.9439118621031867692938374658773170722270151600241661071777343750000000000000000000000000000000000000e+00
5 1.7751618621031867690336289444807960080652264878153800964355468750000000000000000000000000000000000000e+00
6 1.6387982257395504052987014742548410595190944150090217590332031250000000000000000000000000000000000000e+00
7 1.5253528475882899012464402610511626789957517758011817932128906250000000000000000000000000000000000000e+00
8 1.4289242761597184728670703601771663215913577005267143249511718750000000000000000000000000000000000000e+00
9 1.3455909428263851396060171716761999505251878872513771057128906250000000000000000000000000000000000000e+00
10 1.2726179698534121667021987156509510441537713631987571716308593750000000000000000000000000000000000000e+00
11 1.2080246684180054681650995362929279508534818887710571289062500000000000000000000000000000000000000000e+00
12 1.1503323607256977757990271116206315582530805841088294982910156250000000000000000000000000000000000000e+00
13 1.0984092838026208527671401249392602039733901619911193847656250000000000000000000000000000000000000000e+00
14 1.0513709562764884486267547014648471304099075496196746826171875000000000000000000000000000000000000000e+00
15 1.0085138134193455914126499872729425533179892227053642272949218750000000000000000000000000000000000000e+00
16 9.6926962737283396334556431761519945666805142536759376525878906250000000000000000000000000000000000000e-01
17 9.3317337068834198477362482093688811346510192379355430603027343750000000000000000000000000000000000000e-01
18 8.9984003735500865136078332828795112163788871839642524719238281250000000000000000000000000000000000000e-01
19 8.6894758884242283909944692954496758829918690025806427001953125000000000000000000000000000000000000000e-01
20 8.4022418458710369012359953089230657496955245733261108398437500000000000000000000000000000000000000000e-01
21 8.1343847030138940443254672030271024141256930306553840637207031250000000000000000000000000000000000000e-01
22 7.8839208811215007237328464273495853831263957545161247253417968750000000000000000000000000000000000000e-01
23 7.6491382724258485497877482761630574259470449760556221008300781250000000000000000000000000000000000000e-01
24 7.4285500371317309030796960378495441545965149998664855957031250000000000000000000000000000000000000000e-01
25 7.2208577294394232109521480911240587374777533113956451416015625000000000000000000000000000000000000000e-01
26 7.0249215901070574636722368411234640461771050468087196350097656250000000000000000000000000000000000000e-01
