26
676
0 0 1
0 1 0.5
0 2 0.333333
0 3 0.25
0 4 0.2
0 5 0.166667
0 6 0.142857
0 7 0.125
0 8 0.111111
0 9 0.1
0 10 0.0909091
0 11 0.0833333
0 12 0.0769231
0 13 0.0714286
0 14 0.0666667
0 15 0.0625
0 16 0.0588235
0 17 0.0555556
0 18 0.0526316
0 19 0.05
0 20 0.047619
0 21 0.0454545
0 22 0.0434783
0 23 0.0416667
0 24 0.04
0 25 0.0384615
1 0 0.5
1 1 0.333333
1 2 0.25
1 3 0.2
1 4 0.166667
1 5 0.142857
1 6 0.125
1 7 0.111111
1 8 0.1
1 9 0.0909091
1 10 0.0833333
1 11 0.0769231
1 12 0.0714286
1 13 0.0666667
1 14 0.0625
1 15 0.0588235
1 16 0.0555556
1 17 0.0526316
1 18 0.05
1 19 0.047619
1 20 0.0454545
1 21 0.0434783
1 22 0.0416667
1 23 0.04
1 24 0.0384615
1 25 0.037037
2 0 0.333333
2 1 0.25
2 2 0.2
2 3 0.166667
2 4 0.142857
2 5 0.125
2 6 0.111111
2 7 0.1
2 8 0.0909091
2 9 0.0833333
2 10 0.0769231
2 11 0.0714286
2 12 0.0666667
2 13 0.0625
2 14 0.0588235
2 15 0.0555556
2 16 0.0526316
2 17 0.05
2 18 0.047619
2 19 0.0454545
2 20 0.0434783
2 21 0.0416667
2 22 0.04
2 23 0.0384615
2 24 0.037037
2 25 0.0357143
3 0 0.25
3 1 0.2
3 2 0.166667
3 3 0.142857
3 4 0.125
3 5 0.111111
3 6 0.1
3 7 0.0909091
3 8 0.0833333
3 9 0.0769231
3 10 0.0714286
3 11 0.0666667
3 12 0.0625
3 13 0.0588235
3 14 0.0555556
3 15 0.0526316
3 16 0.05
3 17 0.047619
3 18 0.0454545
3 19 0.0434783
3 20 0.0416667
3 21 0.04
3 22 0.0384615
3 23 0.037037
3 24 0.0357143
3 25 0.0344828
4 0 0.2
4 1 0.166667
4 2 0.142857
4 3 0.125
4 4 0.111111
4 5 0.1
4 6 0.0909091
4 7 0.0833333
4 8 0.0769231
4 9 0.0714286
4 10 0.0666667
4 11 0.0625
4 12 0.0588235
4 13 0.0555556
4 14 0.0526316
4 15 0.05
4 16 0.047619
4 17 0.0454545
4 18 0.0434783
4 19 0.0416667
4 20 0.04
4 21 0.0384615
4 22 0.037037
4 23 0.0357143
4 24 0.0344828
4 25 0.0333333
5 0 0.166667
5 1 0.142857
5 2 0.125
5 3 0.111111
5 4 0.1
5 5 0.0909091
5 6 0.0833333
5 7 0.0769231
5 8 0.0714286
5 9 0.0666667
5 10 0.0625
5 11 0.0588235
5 12 0.0555556
5 13 0.0526316
5 14 0.05
5 15 0.047619
5 16 0.0454545
5 17 0.0434783
5 18 0.0416667
5 19 0.04
5 20 0.0384615
5 21 0.037037
5 22 0.0357143
5 23 0.0344828
5 24 0.0333333
5 25 0.0322581
6 0 0.142857
6 1 0.125
6 2 0.111111
6 3 0.1
6 4 0.0909091
6 5 0.0833333
6 6 0.0769231
6 7 0.0714286
6 8 0.0666667
6 9 0.0625
6 10 0.0588235
6 11 0.0555556
6 12 0.0526316
6 13 0.05
6 14 0.047619
6 15 0.0454545
6 16 0.0434783
6 17 0.0416667
6 18 0.04
6 19 0.0384615
6 20 0.037037
6 21 0.0357143
6 22 0.0344828
6 23 0.0333333
6 24 0.0322581
6 25 0.03125
7 0 0.125
7 1 0.111111
7 2 0.1
7 3 0.0909091
7 4 0.0833333
7 5 0.0769231
7 6 0.0714286
7 7 0.0666667
7 8 0.0625
7 9 0.0588235
7 10 0.0555556
7 11 0.0526316
7 12 0.05
7 13 0.047619
7 14 0.0454545
7 15 0.0434783
7 16 0.0416667
7 17 0.04
7 18 0.0384615
7 19 0.037037
7 20 0.0357143
7 21 0.0344828
7 22 0.0333333
7 23 0.0322581
7 24 0.03125
7 25 0.030303
8 0 0.111111
8 1 0.1
8 2 0.0909091
8 3 0.0833333
8 4 0.0769231
8 5 0.0714286
8 6 0.0666667
8 7 0.0625
8 8 0.0588235
8 9 0.0555556
8 10 0.0526316
8 11 0.05
8 12 0.047619
8 13 0.0454545
8 14 0.0434783
8 15 0.0416667
8 16 0.04
8 17 0.0384615
8 18 0.037037
8 19 0.0357143
8 20 0.0344828
8 21 0.0333333
8 22 0.0322581
8 23 0.03125
8 24 0.030303
8 25 0.0294118
9 0 0.1
9 1 0.0909091
9 2 0.0833333
9 3 0.0769231
9 4 0.0714286
9 5 0.0666667
9 6 0.0625
9 7 0.0588235
9 8 0.0555556
9 9 0.0526316
9 10 0.05
9 11 0.047619
9 12 0.0454545
9 13 0.0434783
9 14 0.0416667
9 15 0.04
9 16 0.0384615
9 17 0.037037
9 18 0.0357143
9 19 0.0344828
9 20 0.0333333
9 21 0.0322581
9 22 0.03125
9 23 0.030303
9 24 0.0294118
9 25 0.0285714
10 0 0.0909091
10 1 0.0833333
10 2 0.0769231
10 3 0.0714286
10 4 0.0666667
10 5 0.0625
10 6 0.0588235
10 7 0.0555556
10 8 0.0526316
10 9 0.05
10 10 0.047619
10 11 0.0454545
10 12 0.0434783
10 13 0.0416667
10 14 0.04
10 15 0.0384615
10 16 0.037037
10 17 0.0357143
10 18 0.0344828
10 19 0.0333333
10 20 0.0322581
10 21 0.03125
10 22 0.030303
10 23 0.0294118
10 24 0.0285714
10 25 0.0277778
11 0 0.0833333
11 1 0.0769231
11 2 0.0714286
11 3 0.0666667
11 4 0.0625
11 5 0.0588235
11 6 0.0555556
11 7 0.0526316
11 8 0.05
11 9 0.047619
11 10 0.0454545
11 11 0.0434783
11 12 0.0416667
11 13 0.04
11 14 0.0384615
11 15 0.037037
11 16 0.0357143
11 17 0.0344828
11 18 0.0333333
11 19 0.0322581
11 20 0.03125
11 21 0.030303
11 22 0.0294118
11 23 0.0285714
11 24 0.0277778
11 25 0.027027
12 0 0.0769231
12 1 0.0714286
12 2 0.0666667
12 3 0.0625
12 4 0.0588235
12 5 0.0555556
12 6 0.0526316
12 7 0.05
12 8 0.047619
12 9 0.0454545
12 10 0.0434783
12 11 0.0416667
12 12 0.04
12 13 0.0384615
12 14 0.037037
12 15 0.0357143
12 16 0.0344828
12 17 0.0333333
12 18 0.0322581
12 19 0.03125
12 20 0.030303
12 21 0.0294118
12 22 0.0285714
12 23 0.0277778
12 24 0.027027
12 25 0.0263158
13 0 0.0714286
13 1 0.0666667
13 2 0.0625
13 3 0.0588235
13 4 0.0555556
13 5 0.0526316
13 6 0.05
13 7 0.047619
13 8 0.0454545
13 9 0.0434783
13 10 0.0416667
13 11 0.04
13 12 0.0384615
13 13 0.037037
13 14 0.0357143
13 15 0.0344828
13 16 0.0333333
13 17 0.0322581
13 18 0.03125
13 19 0.030303
13 20 0.0294118
13 21 0.0285714
13 22 0.0277778
13 23 0.027027
13 24 0.0263158
13 25 0.025641
14 0 0.0666667
14 1 0.0625
14 2 0.0588235
14 3 0.0555556
14 4 0.0526316
14 5 0.05
14 6 0.047619
14 7 0.0454545
14 8 0.0434783
14 9 0.0416667
14 10 0.04
14 11 0.0384615
14 12 0.037037
14 13 0.0357143
14 14 0.0344828
14 15 0.0333333
14 16 0.0322581
14 17 0.03125
14 18 0.030303
14 19 0.0294118
14 20 0.0285714
14 21 0.0277778
14 22 0.027027
14 23 0.0263158
14 24 0.025641
14 25 0.025
15 0 0.0625
15 1 0.0588235
15 2 0.0555556
15 3 0.0526316
15 4 0.05
15 5 0.047619
15 6 0.0454545
15 7 0.0434783
15 8 0.0416667
15 9 0.04
15 10 0.0384615
15 11 0.037037
15 12 0.0357143
15 13 0.0344828
15 14 0.0333333
15 15 0.0322581
15 16 0.03125
15 17 0.030303
15 18 0.0294118
15 19 0.0285714
15 20 0.0277778
15 21 0.027027
15 22 0.0263158
15 23 0.025641
15 24 0.025
15 25 0.0243902
16 0 0.0588235
16 1 0.0555556
16 2 0.0526316
16 3 0.05
16 4 0.047619
16 5 0.0454545
16 6 0.0434783
16 7 0.0416667
16 8 0.04
16 9 0.0384615
16 10 0.037037
16 11 0.0357143
16 12 0.0344828
16 13 0.0333333
16 14 0.0322581
16 15 0.03125
16 16 0.030303
16 17 0.0294118
16 18 0.0285714
16 19 0.0277778
16 20 0.027027
16 21 0.0263158
16 22 0.025641
16 23 0.025
16 24 0.0243902
16 25 0.0238095
17 0 0.0555556
17 1 0.0526316
17 2 0.05
17 3 0.047619
17 4 0.0454545
17 5 0.0434783
17 6 0.0416667
17 7 0.04
17 8 0.0384615
17 9 0.037037
17 10 0.0357143
17 11 0.0344828
17 12 0.0333333
17 13 0.0322581
17 14 0.03125
17 15 0.030303
17 16 0.0294118
17 17 0.0285714
17 18 0.0277778
17 19 0.027027
17 20 0.0263158
17 21 0.025641
17 22 0.025
17 23 0.0243902
17 24 0.0238095
17 25 0.0232558
18 0 0.0526316
18 1 0.05
18 2 0.047619
18 3 0.0454545
18 4 0.0434783
18 5 0.0416667
18 6 0.04
18 7 0.0384615
18 8 0.037037
18 9 0.0357143
18 10 0.0344828
18 11 0.0333333
18 12 0.0322581
18 13 0.03125
18 14 0.030303
18 15 0.0294118
18 16 0.0285714
18 17 0.0277778
18 18 0.027027
18 19 0.0263158
18 20 0.025641
18 21 0.025
18 22 0.0243902
18 23 0.0238095
18 24 0.0232558
18 25 0.0227273
19 0 0.05
19 1 0.047619
19 2 0.0454545
19 3 0.0434783
19 4 0.0416667
19 5 0.04
19 6 0.0384615
19 7 0.037037
19 8 0.0357143
19 9 0.0344828
19 10 0.0333333
19 11 0.0322581
19 12 0.03125
19 13 0.030303
19 14 0.0294118
19 15 0.0285714
19 16 0.0277778
19 17 0.027027
19 18 0.0263158
19 19 0.025641
19 20 0.025
19 21 0.0243902
19 22 0.0238095
19 23 0.0232558
19 24 0.0227273
19 25 0.0222222
20 0 0.047619
20 1 0.0454545
20 2 0.0434783
20 3 0.0416667
20 4 0.04
20 5 0.0384615
20 6 0.037037
20 7 0.0357143
20 8 0.0344828
20 9 0.0333333
20 10 0.0322581
20 11 0.03125
20 12 0.030303
20 13 0.0294118
20 14 0.0285714
20 15 0.0277778
20 16 0.027027
20 17 0.0263158
20 18 0.025641
20 19 0.025
20 20 0.0243902
20 21 0.0238095
20 22 0.0232558
20 23 0.0227273
20 24 0.0222222
20 25 0.0217391
21 0 0.0454545
21 1 0.0434783
21 2 0.0416667
21 3 0.04
21 4 0.0384615
21 5 0.037037
21 6 0.0357143
21 7 0.0344828
21 8 0.0333333
21 9 0.0322581
21 10 0.03125
21 11 0.030303
21 12 0.0294118
21 13 0.0285714
21 14 0.0277778
21 15 0.027027
21 16 0.0263158
21 17 0.025641
21 18 0.025
21 19 0.0243902
21 20 0.0238095
21 21 0.0232558
21 22 0.0227273
21 23 0.0222222
21 24 0.0217391
21 25 0.0212766
22 0 0.0434783
22 1 0.0416667
22 2 0.04
22 3 0.0384615
22 4 0.037037
22 5 0.0357143
22 6 0.0344828
22 7 0.0333333
22 8 0.0322581
22 9 0.03125
22 10 0.030303
22 11 0.0294118
22 12 0.0285714
22 13 0.0277778
22 14 0.027027
22 15 0.0263158
22 16 0.025641
22 17 0.025
22 18 0.0243902
22 19 0.0238095
22 20 0.0232558
22 21 0.0227273
22 22 0.0222222
22 23 0.0217391
22 24 0.0212766
22 25 0.0208333
23 0 0.0416667
23 1 0.04
23 2 0.0384615
23 3 0.037037
23 4 0.0357143
23 5 0.0344828
23 6 0.0333333
23 7 0.0322581
23 8 0.03125
23 9 0.030303
23 10 0.0294118
23 11 0.0285714
23 12 0.0277778
23 13 0.027027
23 14 0.0263158
23 15 0.025641
23 16 0.025
23 17 0.0243902
23 18 0.0238095
23 19 0.0232558
23 20 0.0227273
23 21 0.0222222
23 22 0.0217391
23 23 0.0212766
23 24 0.0208333
23 25 0.0204082
24 0 0.04
24 1 0.0384615
24 2 0.037037
24 3 0.0357143
24 4 0.0344828
24 5 0.0333333
24 6 0.0322581
24 7 0.03125
24 8 0.030303
24 9 0.0294118
24 10 0.0285714
24 11 0.0277778
24 12 0.027027
24 13 0.0263158
24 14 0.025641
24 15 0.025
24 16 0.0243902
24 17 0.0238095
24 18 0.0232558
24 19 0.0227273
24 20 0.0222222
24 21 0.0217391
24 22 0.0212766
24 23 0.0208333
24 24 0.0204082
24 25 0.02
25 0 0.0384615
25 1 0.037037
25 2 0.0357143
25 3 0.0344828
25 4 0.0333333
25 5 0.0322581
25 6 0.03125
25 7 0.030303
25 8 0.0294118
25 9 0.0285714
25 10 0.0277778
25 11 0.027027
25 12 0.0263158
25 13 0.025641
25 14 0.025
25 15 0.0243902
25 16 0.0238095
25 17 0.0232558
25 18 0.0227273
25 19 0.0222222
25 20 0.0217391
25 21 0.0212766
25 22 0.0208333
25 23 0.0204082
25 24 0.02
25 25 0.0196078
26
3.85442
2.89146
2.42717
2.12832
1.91165
1.74391
1.6085
1.49594
1.40035
1.31781
1.24559
1.18171
1.12469
1.07341
1.02698
0.984704
0.946014
0.910446
0.877618
0.847208
0.818948
0.792605
0.767984
0.744914
0.723247
0.702855
