51
2601
0 0 1
0 1 0.5
0 2 0.333333
0 3 0.25
0 4 0.2
0 5 0.166667
0 6 0.142857
0 7 0.125
0 8 0.111111
0 9 0.1
0 10 0.0909091
0 11 0.0833333
0 12 0.0769231
0 13 0.0714286
0 14 0.0666667
0 15 0.0625
0 16 0.0588235
0 17 0.0555556
0 18 0.0526316
0 19 0.05
0 20 0.047619
0 21 0.0454545
0 22 0.0434783
0 23 0.0416667
0 24 0.04
0 25 0.0384615
0 26 0.037037
0 27 0.0357143
0 28 0.0344828
0 29 0.0333333
0 30 0.0322581
0 31 0.03125
0 32 0.030303
0 33 0.0294118
0 34 0.0285714
0 35 0.0277778
0 36 0.027027
0 37 0.0263158
0 38 0.025641
0 39 0.025
0 40 0.0243902
0 41 0.0238095
0 42 0.0232558
0 43 0.0227273
0 44 0.0222222
0 45 0.0217391
0 46 0.0212766
0 47 0.0208333
0 48 0.0204082
0 49 0.02
0 50 0.0196078
1 0 0.5
1 1 0.333333
1 2 0.25
1 3 0.2
1 4 0.166667
1 5 0.142857
1 6 0.125
1 7 0.111111
1 8 0.1
1 9 0.0909091
1 10 0.0833333
1 11 0.0769231
1 12 0.0714286
1 13 0.0666667
1 14 0.0625
1 15 0.0588235
1 16 0.0555556
1 17 0.0526316
1 18 0.05
1 19 0.047619
1 20 0.0454545
1 21 0.0434783
1 22 0.0416667
1 23 0.04
1 24 0.0384615
1 25 0.037037
1 26 0.0357143
1 27 0.0344828
1 28 0.0333333
1 29 0.0322581
1 30 0.03125
1 31 0.030303
1 32 0.0294118
1 33 0.0285714
1 34 0.0277778
1 35 0.027027
1 36 0.0263158
1 37 0.025641
1 38 0.025
1 39 0.0243902
1 40 0.0238095
1 41 0.0232558
1 42 0.0227273
1 43 0.0222222
1 44 0.0217391
1 45 0.0212766
1 46 0.0208333
1 47 0.0204082
1 48 0.02
1 49 0.0196078
1 50 0.0192308
2 0 0.333333
2 1 0.25
2 2 0.2
2 3 0.166667
2 4 0.142857
2 5 0.125
2 6 0.111111
2 7 0.1
2 8 0.0909091
2 9 0.0833333
2 10 0.0769231
2 11 0.0714286
2 12 0.0666667
2 13 0.0625
2 14 0.0588235
2 15 0.0555556
2 16 0.0526316
2 17 0.05
2 18 0.047619
2 19 0.0454545
2 20 0.0434783
2 21 0.0416667
2 22 0.04
2 23 0.0384615
2 24 0.037037
2 25 0.0357143
2 26 0.0344828
2 27 0.0333333
2 28 0.0322581
2 29 0.03125
2 30 0.030303
2 31 0.0294118
2 32 0.0285714
2 33 0.0277778
2 34 0.027027
2 35 0.0263158
2 36 0.025641
2 37 0.025
2 38 0.0243902
2 39 0.0238095
2 40 0.0232558
2 41 0.0227273
2 42 0.0222222
2 43 0.0217391
2 44 0.0212766
2 45 0.0208333
2 46 0.0204082
2 47 0.02
2 48 0.0196078
2 49 0.0192308
2 50 0.0188679
3 0 0.25
3 1 0.2
3 2 0.166667
3 3 0.142857
3 4 0.125
3 5 0.111111
3 6 0.1
3 7 0.0909091
3 8 0.0833333
3 9 0.0769231
3 10 0.0714286
3 11 0.0666667
3 12 0.0625
3 13 0.0588235
3 14 0.0555556
3 15 0.0526316
3 16 0.05
3 17 0.047619
3 18 0.0454545
3 19 0.0434783
3 20 0.0416667
3 21 0.04
3 22 0.0384615
3 23 0.037037
3 24 0.0357143
3 25 0.0344828
3 26 0.0333333
3 27 0.0322581
3 28 0.03125
3 29 0.030303
3 30 0.0294118
3 31 0.0285714
3 32 0.0277778
3 33 0.027027
3 34 0.0263158
3 35 0.025641
3 36 0.025
3 37 0.0243902
3 38 0.0238095
3 39 0.0232558
3 40 0.0227273
3 41 0.0222222
3 42 0.0217391
3 43 0.0212766
3 44 0.0208333
3 45 0.0204082
3 46 0.02
3 47 0.0196078
3 48 0.0192308
3 49 0.0188679
3 50 0.0185185
4 0 0.2
4 1 0.166667
4 2 0.142857
4 3 0.125
4 4 0.111111
4 5 0.1
4 6 0.0909091
4 7 0.0833333
4 8 0.0769231
4 9 0.0714286
4 10 0.0666667
4 11 0.0625
4 12 0.0588235
4 13 0.0555556
4 14 0.0526316
4 15 0.05
4 16 0.047619
4 17 0.0454545
4 18 0.0434783
4 19 0.0416667
4 20 0.04
4 21 0.0384615
4 22 0.037037
4 23 0.0357143
4 24 0.0344828
4 25 0.0333333
4 26 0.0322581
4 27 0.03125
4 28 0.030303
4 29 0.0294118
4 30 0.0285714
4 31 0.0277778
4 32 0.027027
4 33 0.0263158
4 34 0.025641
4 35 0.025
4 36 0.0243902
4 37 0.0238095
4 38 0.0232558
4 39 0.0227273
4 40 0.0222222
4 41 0.0217391
4 42 0.0212766
4 43 0.0208333
4 44 0.0204082
4 45 0.02
4 46 0.0196078
4 47 0.0192308
4 48 0.0188679
4 49 0.0185185
4 50 0.0181818
5 0 0.166667
5 1 0.142857
5 2 0.125
5 3 0.111111
5 4 0.1
5 5 0.0909091
5 6 0.0833333
5 7 0.0769231
5 8 0.0714286
5 9 0.0666667
5 10 0.0625
5 11 0.0588235
5 12 0.0555556
5 13 0.0526316
5 14 0.05
5 15 0.047619
5 16 0.0454545
5 17 0.0434783
5 18 0.0416667
5 19 0.04
5 20 0.0384615
5 21 0.037037
5 22 0.0357143
5 23 0.0344828
5 24 0.0333333
5 25 0.0322581
5 26 0.03125
5 27 0.030303
5 28 0.0294118
5 29 0.0285714
5 30 0.0277778
5 31 0.027027
5 32 0.0263158
5 33 0.025641
5 34 0.025
5 35 0.0243902
5 36 0.0238095
5 37 0.0232558
5 38 0.0227273
5 39 0.0222222
5 40 0.0217391
5 41 0.0212766
5 42 0.0208333
5 43 0.0204082
5 44 0.02
5 45 0.0196078
5 46 0.0192308
5 47 0.0188679
5 48 0.0185185
5 49 0.0181818
5 50 0.0178571
6 0 0.142857
6 1 0.125
6 2 0.111111
6 3 0.1
6 4 0.0909091
6 5 0.0833333
6 6 0.0769231
6 7 0.0714286
6 8 0.0666667
6 9 0.0625
6 10 0.0588235
6 11 0.0555556
6 12 0.0526316
6 13 0.05
6 14 0.047619
6 15 0.0454545
6 16 0.0434783
6 17 0.0416667
6 18 0.04
6 19 0.0384615
6 20 0.037037
6 21 0.0357143
6 22 0.0344828
6 23 0.0333333
6 24 0.0322581
6 25 0.03125
6 26 0.030303
6 27 0.0294118
6 28 0.0285714
6 29 0.0277778
6 30 0.027027
6 31 0.0263158
6 32 0.025641
6 33 0.025
6 34 0.0243902
6 35 0.0238095
6 36 0.0232558
6 37 0.0227273
6 38 0.0222222
6 39 0.0217391
6 40 0.0212766
6 41 0.0208333
6 42 0.0204082
6 43 0.02
6 44 0.0196078
6 45 0.0192308
6 46 0.0188679
6 47 0.0185185
6 48 0.0181818
6 49 0.0178571
6 50 0.0175439
7 0 0.125
7 1 0.111111
7 2 0.1
7 3 0.0909091
7 4 0.0833333
7 5 0.0769231
7 6 0.0714286
7 7 0.0666667
7 8 0.0625
7 9 0.0588235
7 10 0.0555556
7 11 0.0526316
7 12 0.05
7 13 0.047619
7 14 0.0454545
7 15 0.0434783
7 16 0.0416667
7 17 0.04
7 18 0.0384615
7 19 0.037037
7 20 0.0357143
7 21 0.0344828
7 22 0.0333333
7 23 0.0322581
7 24 0.03125
7 25 0.030303
7 26 0.0294118
7 27 0.0285714
7 28 0.0277778
7 29 0.027027
7 30 0.0263158
7 31 0.025641
7 32 0.025
7 33 0.0243902
7 34 0.0238095
7 35 0.0232558
7 36 0.0227273
7 37 0.0222222
7 38 0.0217391
7 39 0.0212766
7 40 0.0208333
7 41 0.0204082
7 42 0.02
7 43 0.0196078
7 44 0.0192308
7 45 0.0188679
7 46 0.0185185
7 47 0.0181818
7 48 0.0178571
7 49 0.0175439
7 50 0.0172414
8 0 0.111111
8 1 0.1
8 2 0.0909091
8 3 0.0833333
8 4 0.0769231
8 5 0.0714286
8 6 0.0666667
8 7 0.0625
8 8 0.0588235
8 9 0.0555556
8 10 0.0526316
8 11 0.05
8 12 0.047619
8 13 0.0454545
8 14 0.0434783
8 15 0.0416667
8 16 0.04
8 17 0.0384615
8 18 0.037037
8 19 0.0357143
8 20 0.0344828
8 21 0.0333333
8 22 0.0322581
8 23 0.03125
8 24 0.030303
8 25 0.0294118
8 26 0.0285714
8 27 0.0277778
8 28 0.027027
8 29 0.0263158
8 30 0.025641
8 31 0.025
8 32 0.0243902
8 33 0.0238095
8 34 0.0232558
8 35 0.0227273
8 36 0.0222222
8 37 0.0217391
8 38 0.0212766
8 39 0.0208333
8 40 0.0204082
8 41 0.02
8 42 0.0196078
8 43 0.0192308
8 44 0.0188679
8 45 0.0185185
8 46 0.0181818
8 47 0.0178571
8 48 0.0175439
8 49 0.0172414
8 50 0.0169492
9 0 0.1
9 1 0.0909091
9 2 0.0833333
9 3 0.0769231
9 4 0.0714286
9 5 0.0666667
9 6 0.0625
9 7 0.0588235
9 8 0.0555556
9 9 0.0526316
9 10 0.05
9 11 0.047619
9 12 0.0454545
9 13 0.0434783
9 14 0.0416667
9 15 0.04
9 16 0.0384615
9 17 0.037037
9 18 0.0357143
9 19 0.0344828
9 20 0.0333333
9 21 0.0322581
9 22 0.03125
9 23 0.030303
9 24 0.0294118
9 25 0.0285714
9 26 0.0277778
9 27 0.027027
9 28 0.0263158
9 29 0.025641
9 30 0.025
9 31 0.0243902
9 32 0.0238095
9 33 0.0232558
9 34 0.0227273
9 35 0.0222222
9 36 0.0217391
9 37 0.0212766
9 38 0.0208333
9 39 0.0204082
9 40 0.02
9 41 0.0196078
9 42 0.0192308
9 43 0.0188679
9 44 0.0185185
9 45 0.0181818
9 46 0.0178571
9 47 0.0175439
9 48 0.0172414
9 49 0.0169492
9 50 0.0166667
10 0 0.0909091
10 1 0.0833333
10 2 0.0769231
10 3 0.0714286
10 4 0.0666667
10 5 0.0625
10 6 0.0588235
10 7 0.0555556
10 8 0.0526316
10 9 0.05
10 10 0.047619
10 11 0.0454545
10 12 0.0434783
10 13 0.0416667
10 14 0.04
10 15 0.0384615
10 16 0.037037
10 17 0.0357143
10 18 0.0344828
10 19 0.0333333
10 20 0.0322581
10 21 0.03125
10 22 0.030303
10 23 0.0294118
10 24 0.0285714
10 25 0.0277778
10 26 0.027027
10 27 0.0263158
10 28 0.025641
10 29 0.025
10 30 0.0243902
10 31 0.0238095
10 32 0.0232558
10 33 0.0227273
10 34 0.0222222
10 35 0.0217391
10 36 0.0212766
10 37 0.0208333
10 38 0.0204082
10 39 0.02
10 40 0.0196078
10 41 0.0192308
10 42 0.0188679
10 43 0.0185185
10 44 0.0181818
10 45 0.0178571
10 46 0.0175439
10 47 0.0172414
10 48 0.0169492
10 49 0.0166667
10 50 0.0163934
11 0 0.0833333
11 1 0.0769231
11 2 0.0714286
11 3 0.0666667
11 4 0.0625
11 5 0.0588235
11 6 0.0555556
11 7 0.0526316
11 8 0.05
11 9 0.047619
11 10 0.0454545
11 11 0.0434783
11 12 0.0416667
11 13 0.04
11 14 0.0384615
11 15 0.037037
11 16 0.0357143
11 17 0.0344828
11 18 0.0333333
11 19 0.0322581
11 20 0.03125
11 21 0.030303
11 22 0.0294118
11 23 0.0285714
11 24 0.0277778
11 25 0.027027
11 26 0.0263158
11 27 0.025641
11 28 0.025
11 29 0.0243902
11 30 0.0238095
11 31 0.0232558
11 32 0.0227273
11 33 0.0222222
11 34 0.0217391
11 35 0.0212766
11 36 0.0208333
11 37 0.0204082
11 38 0.02
11 39 0.0196078
11 40 0.0192308
11 41 0.0188679
11 42 0.0185185
11 43 0.0181818
11 44 0.0178571
11 45 0.0175439
11 46 0.0172414
11 47 0.0169492
11 48 0.0166667
11 49 0.0163934
11 50 0.016129
12 0 0.0769231
12 1 0.0714286
12 2 0.0666667
12 3 0.0625
12 4 0.0588235
12 5 0.0555556
12 6 0.0526316
12 7 0.05
12 8 0.047619
12 9 0.0454545
12 10 0.0434783
12 11 0.0416667
12 12 0.04
12 13 0.0384615
12 14 0.037037
12 15 0.0357143
12 16 0.0344828
12 17 0.0333333
12 18 0.0322581
12 19 0.03125
12 20 0.030303
12 21 0.0294118
12 22 0.0285714
12 23 0.0277778
12 24 0.027027
12 25 0.0263158
12 26 0.025641
12 27 0.025
12 28 0.0243902
12 29 0.0238095
12 30 0.0232558
12 31 0.0227273
12 32 0.0222222
12 33 0.0217391
12 34 0.0212766
12 35 0.0208333
12 36 0.0204082
12 37 0.02
12 38 0.0196078
12 39 0.0192308
12 40 0.0188679
12 41 0.0185185
12 42 0.0181818
12 43 0.0178571
12 44 0.0175439
12 45 0.0172414
12 46 0.0169492
12 47 0.0166667
12 48 0.0163934
12 49 0.016129
12 50 0.015873
13 0 0.0714286
13 1 0.0666667
13 2 0.0625
13 3 0.0588235
13 4 0.0555556
13 5 0.0526316
13 6 0.05
13 7 0.047619
13 8 0.0454545
13 9 0.0434783
13 10 0.0416667
13 11 0.04
13 12 0.0384615
13 13 0.037037
13 14 0.0357143
13 15 0.0344828
13 16 0.0333333
13 17 0.0322581
13 18 0.03125
13 19 0.030303
13 20 0.0294118
13 21 0.0285714
13 22 0.0277778
13 23 0.027027
13 24 0.0263158
13 25 0.025641
13 26 0.025
13 27 0.0243902
13 28 0.0238095
13 29 0.0232558
13 30 0.0227273
13 31 0.0222222
13 32 0.0217391
13 33 0.0212766
13 34 0.0208333
13 35 0.0204082
13 36 0.02
13 37 0.0196078
13 38 0.0192308
13 39 0.0188679
13 40 0.0185185
13 41 0.0181818
13 42 0.0178571
13 43 0.0175439
13 44 0.0172414
13 45 0.0169492
13 46 0.0166667
13 47 0.0163934
13 48 0.016129
13 49 0.015873
13 50 0.015625
14 0 0.0666667
14 1 0.0625
14 2 0.0588235
14 3 0.0555556
14 4 0.0526316
14 5 0.05
14 6 0.047619
14 7 0.0454545
14 8 0.0434783
14 9 0.0416667
14 10 0.04
14 11 0.0384615
14 12 0.037037
14 13 0.0357143
14 14 0.0344828
14 15 0.0333333
14 16 0.0322581
14 17 0.03125
14 18 0.030303
14 19 0.0294118
14 20 0.0285714
14 21 0.0277778
14 22 0.027027
14 23 0.0263158
14 24 0.025641
14 25 0.025
14 26 0.0243902
14 27 0.0238095
14 28 0.0232558
14 29 0.0227273
14 30 0.0222222
14 31 0.0217391
14 32 0.0212766
14 33 0.0208333
14 34 0.0204082
14 35 0.02
14 36 0.0196078
14 37 0.0192308
14 38 0.0188679
14 39 0.0185185
14 40 0.0181818
14 41 0.0178571
14 42 0.0175439
14 43 0.0172414
14 44 0.0169492
14 45 0.0166667
14 46 0.0163934
14 47 0.016129
14 48 0.015873
14 49 0.015625
14 50 0.0153846
15 0 0.0625
15 1 0.0588235
15 2 0.0555556
15 3 0.0526316
15 4 0.05
15 5 0.047619
15 6 0.0454545
15 7 0.0434783
15 8 0.0416667
15 9 0.04
15 10 0.0384615
15 11 0.037037
15 12 0.0357143
15 13 0.0344828
15 14 0.0333333
15 15 0.0322581
15 16 0.03125
15 17 0.030303
15 18 0.0294118
15 19 0.0285714
15 20 0.0277778
15 21 0.027027
15 22 0.0263158
15 23 0.025641
15 24 0.025
15 25 0.0243902
15 26 0.0238095
15 27 0.0232558
15 28 0.0227273
15 29 0.0222222
15 30 0.0217391
15 31 0.0212766
15 32 0.0208333
15 33 0.0204082
15 34 0.02
15 35 0.0196078
15 36 0.0192308
15 37 0.0188679
15 38 0.0185185
15 39 0.0181818
15 40 0.0178571
15 41 0.0175439
15 42 0.0172414
15 43 0.0169492
15 44 0.0166667
15 45 0.0163934
15 46 0.016129
15 47 0.015873
15 48 0.015625
15 49 0.0153846
15 50 0.0151515
16 0 0.0588235
16 1 0.0555556
16 2 0.0526316
16 3 0.05
16 4 0.047619
16 5 0.0454545
16 6 0.0434783
16 7 0.0416667
16 8 0.04
16 9 0.0384615
16 10 0.037037
16 11 0.0357143
16 12 0.0344828
16 13 0.0333333
16 14 0.0322581
16 15 0.03125
16 16 0.030303
16 17 0.0294118
16 18 0.0285714
16 19 0.0277778
16 20 0.027027
16 21 0.0263158
16 22 0.025641
16 23 0.025
16 24 0.0243902
16 25 0.0238095
16 26 0.0232558
16 27 0.0227273
16 28 0.0222222
16 29 0.0217391
16 30 0.0212766
16 31 0.0208333
16 32 0.0204082
16 33 0.02
16 34 0.0196078
16 35 0.0192308
16 36 0.0188679
16 37 0.0185185
16 38 0.0181818
16 39 0.0178571
16 40 0.0175439
16 41 0.0172414
16 42 0.0169492
16 43 0.0166667
16 44 0.0163934
16 45 0.016129
16 46 0.015873
16 47 0.015625
16 48 0.0153846
16 49 0.0151515
16 50 0.0149254
17 0 0.0555556
17 1 0.0526316
17 2 0.05
17 3 0.047619
17 4 0.0454545
17 5 0.0434783
17 6 0.0416667
17 7 0.04
17 8 0.0384615
17 9 0.037037
17 10 0.0357143
17 11 0.0344828
17 12 0.0333333
17 13 0.0322581
17 14 0.03125
17 15 0.030303
17 16 0.0294118
17 17 0.0285714
17 18 0.0277778
17 19 0.027027
17 20 0.0263158
17 21 0.025641
17 22 0.025
17 23 0.0243902
17 24 0.0238095
17 25 0.0232558
17 26 0.0227273
17 27 0.0222222
17 28 0.0217391
17 29 0.0212766
17 30 0.0208333
17 31 0.0204082
17 32 0.02
17 33 0.0196078
17 34 0.0192308
17 35 0.0188679
17 36 0.0185185
17 37 0.0181818
17 38 0.0178571
17 39 0.0175439
17 40 0.0172414
17 41 0.0169492
17 42 0.0166667
17 43 0.0163934
17 44 0.016129
17 45 0.015873
17 46 0.015625
17 47 0.0153846
17 48 0.0151515
17 49 0.0149254
17 50 0.0147059
18 0 0.0526316
18 1 0.05
18 2 0.047619
18 3 0.0454545
18 4 0.0434783
18 5 0.0416667
18 6 0.04
18 7 0.0384615
18 8 0.037037
18 9 0.0357143
18 10 0.0344828
18 11 0.0333333
18 12 0.0322581
18 13 0.03125
18 14 0.030303
18 15 0.0294118
18 16 0.0285714
18 17 0.0277778
18 18 0.027027
18 19 0.0263158
18 20 0.025641
18 21 0.025
18 22 0.0243902
18 23 0.0238095
18 24 0.0232558
18 25 0.0227273
18 26 0.0222222
18 27 0.0217391
18 28 0.0212766
18 29 0.0208333
18 30 0.0204082
18 31 0.02
18 32 0.0196078
18 33 0.0192308
18 34 0.0188679
18 35 0.0185185
18 36 0.0181818
18 37 0.0178571
18 38 0.0175439
18 39 0.0172414
18 40 0.0169492
18 41 0.0166667
18 42 0.0163934
18 43 0.016129
18 44 0.015873
18 45 0.015625
18 46 0.0153846
18 47 0.0151515
18 48 0.0149254
18 49 0.0147059
18 50 0.0144928
19 0 0.05
19 1 0.047619
19 2 0.0454545
19 3 0.0434783
19 4 0.0416667
19 5 0.04
19 6 0.0384615
19 7 0.037037
19 8 0.0357143
19 9 0.0344828
19 10 0.0333333
19 11 0.0322581
19 12 0.03125
19 13 0.030303
19 14 0.0294118
19 15 0.0285714
19 16 0.0277778
19 17 0.027027
19 18 0.0263158
19 19 0.025641
19 20 0.025
19 21 0.0243902
19 22 0.0238095
19 23 0.0232558
19 24 0.0227273
19 25 0.0222222
19 26 0.0217391
19 27 0.0212766
19 28 0.0208333
19 29 0.0204082
19 30 0.02
19 31 0.0196078
19 32 0.0192308
19 33 0.0188679
19 34 0.0185185
19 35 0.0181818
19 36 0.0178571
19 37 0.0175439
19 38 0.0172414
19 39 0.0169492
19 40 0.0166667
19 41 0.0163934
19 42 0.016129
19 43 0.015873
19 44 0.015625
19 45 0.0153846
19 46 0.0151515
19 47 0.0149254
19 48 0.0147059
19 49 0.0144928
19 50 0.0142857
20 0 0.047619
20 1 0.0454545
20 2 0.0434783
20 3 0.0416667
20 4 0.04
20 5 0.0384615
20 6 0.037037
20 7 0.0357143
20 8 0.0344828
20 9 0.0333333
20 10 0.0322581
20 11 0.03125
20 12 0.030303
20 13 0.0294118
20 14 0.0285714
20 15 0.0277778
20 16 0.027027
20 17 0.0263158
20 18 0.025641
20 19 0.025
20 20 0.0243902
20 21 0.0238095
20 22 0.0232558
20 23 0.0227273
20 24 0.0222222
20 25 0.0217391
20 26 0.0212766
20 27 0.0208333
20 28 0.0204082
20 29 0.02
20 30 0.0196078
20 31 0.0192308
20 32 0.0188679
20 33 0.0185185
20 34 0.0181818
20 35 0.0178571
20 36 0.0175439
20 37 0.0172414
20 38 0.0169492
20 39 0.0166667
20 40 0.0163934
20 41 0.016129
20 42 0.015873
20 43 0.015625
20 44 0.0153846
20 45 0.0151515
20 46 0.0149254
20 47 0.0147059
20 48 0.0144928
20 49 0.0142857
20 50 0.0140845
21 0 0.0454545
21 1 0.0434783
21 2 0.0416667
21 3 0.04
21 4 0.0384615
21 5 0.037037
21 6 0.0357143
21 7 0.0344828
21 8 0.0333333
21 9 0.0322581
21 10 0.03125
21 11 0.030303
21 12 0.0294118
21 13 0.0285714
21 14 0.0277778
21 15 0.027027
21 16 0.0263158
21 17 0.025641
21 18 0.025
21 19 0.0243902
21 20 0.0238095
21 21 0.0232558
21 22 0.0227273
21 23 0.0222222
21 24 0.0217391
21 25 0.0212766
21 26 0.0208333
21 27 0.0204082
21 28 0.02
21 29 0.0196078
21 30 0.0192308
21 31 0.0188679
21 32 0.0185185
21 33 0.0181818
21 34 0.0178571
21 35 0.0175439
21 36 0.0172414
21 37 0.0169492
21 38 0.0166667
21 39 0.0163934
21 40 0.016129
21 41 0.015873
21 42 0.015625
21 43 0.0153846
21 44 0.0151515
21 45 0.0149254
21 46 0.0147059
21 47 0.0144928
21 48 0.0142857
21 49 0.0140845
21 50 0.0138889
22 0 0.0434783
22 1 0.0416667
22 2 0.04
22 3 0.0384615
22 4 0.037037
22 5 0.0357143
22 6 0.0344828
22 7 0.0333333
22 8 0.0322581
22 9 0.03125
22 10 0.030303
22 11 0.0294118
22 12 0.0285714
22 13 0.0277778
22 14 0.027027
22 15 0.0263158
22 16 0.025641
22 17 0.025
22 18 0.0243902
22 19 0.0238095
22 20 0.0232558
22 21 0.0227273
22 22 0.0222222
22 23 0.0217391
22 24 0.0212766
22 25 0.0208333
22 26 0.0204082
22 27 0.02
22 28 0.0196078
22 29 0.0192308
22 30 0.0188679
22 31 0.0185185
22 32 0.0181818
22 33 0.0178571
22 34 0.0175439
22 35 0.0172414
22 36 0.0169492
22 37 0.0166667
22 38 0.0163934
22 39 0.016129
22 40 0.015873
22 41 0.015625
22 42 0.0153846
22 43 0.0151515
22 44 0.0149254
22 45 0.0147059
22 46 0.0144928
22 47 0.0142857
22 48 0.0140845
22 49 0.0138889
22 50 0.0136986
23 0 0.0416667
23 1 0.04
23 2 0.0384615
23 3 0.037037
23 4 0.0357143
23 5 0.0344828
23 6 0.0333333
23 7 0.0322581
23 8 0.03125
23 9 0.030303
23 10 0.0294118
23 11 0.0285714
23 12 0.0277778
23 13 0.027027
23 14 0.0263158
23 15 0.025641
23 16 0.025
23 17 0.0243902
23 18 0.0238095
23 19 0.0232558
23 20 0.0227273
23 21 0.0222222
23 22 0.0217391
23 23 0.0212766
23 24 0.0208333
23 25 0.0204082
23 26 0.02
23 27 0.0196078
23 28 0.0192308
23 29 0.0188679
23 30 0.0185185
23 31 0.0181818
23 32 0.0178571
23 33 0.0175439
23 34 0.0172414
23 35 0.0169492
23 36 0.0166667
23 37 0.0163934
23 38 0.016129
23 39 0.015873
23 40 0.015625
23 41 0.0153846
23 42 0.0151515
23 43 0.0149254
23 44 0.0147059
23 45 0.0144928
23 46 0.0142857
23 47 0.0140845
23 48 0.0138889
23 49 0.0136986
23 50 0.0135135
24 0 0.04
24 1 0.0384615
24 2 0.037037
24 3 0.0357143
24 4 0.0344828
24 5 0.0333333
24 6 0.0322581
24 7 0.03125
24 8 0.030303
24 9 0.0294118
24 10 0.0285714
24 11 0.0277778
24 12 0.027027
24 13 0.0263158
24 14 0.025641
24 15 0.025
24 16 0.0243902
24 17 0.0238095
24 18 0.0232558
24 19 0.0227273
24 20 0.0222222
24 21 0.0217391
24 22 0.0212766
24 23 0.0208333
24 24 0.0204082
24 25 0.02
24 26 0.0196078
24 27 0.0192308
24 28 0.0188679
24 29 0.0185185
24 30 0.0181818
24 31 0.0178571
24 32 0.0175439
24 33 0.0172414
24 34 0.0169492
24 35 0.0166667
24 36 0.0163934
24 37 0.016129
24 38 0.015873
24 39 0.015625
24 40 0.0153846
24 41 0.0151515
24 42 0.0149254
24 43 0.0147059
24 44 0.0144928
24 45 0.0142857
24 46 0.0140845
24 47 0.0138889
24 48 0.0136986
24 49 0.0135135
24 50 0.0133333
25 0 0.0384615
25 1 0.037037
25 2 0.0357143
25 3 0.0344828
25 4 0.0333333
25 5 0.0322581
25 6 0.03125
25 7 0.030303
25 8 0.0294118
25 9 0.0285714
25 10 0.0277778
25 11 0.027027
25 12 0.0263158
25 13 0.025641
25 14 0.025
25 15 0.0243902
25 16 0.0238095
25 17 0.0232558
25 18 0.0227273
25 19 0.0222222
25 20 0.0217391
25 21 0.0212766
25 22 0.0208333
25 23 0.0204082
25 24 0.02
25 25 0.0196078
25 26 0.0192308
25 27 0.0188679
25 28 0.0185185
25 29 0.0181818
25 30 0.0178571
25 31 0.0175439
25 32 0.0172414
25 33 0.0169492
25 34 0.0166667
25 35 0.0163934
25 36 0.016129
25 37 0.015873
25 38 0.015625
25 39 0.0153846
25 40 0.0151515
25 41 0.0149254
25 42 0.0147059
25 43 0.0144928
25 44 0.0142857
25 45 0.0140845
25 46 0.0138889
25 47 0.0136986
25 48 0.0135135
25 49 0.0133333
25 50 0.0131579
26 0 0.037037
26 1 0.0357143
26 2 0.0344828
26 3 0.0333333
26 4 0.0322581
26 5 0.03125
26 6 0.030303
26 7 0.0294118
26 8 0.0285714
26 9 0.0277778
26 10 0.027027
26 11 0.0263158
26 12 0.025641
26 13 0.025
26 14 0.0243902
26 15 0.0238095
26 16 0.0232558
26 17 0.0227273
26 18 0.0222222
26 19 0.0217391
26 20 0.0212766
26 21 0.0208333
26 22 0.0204082
26 23 0.02
26 24 0.0196078
26 25 0.0192308
26 26 0.0188679
26 27 0.0185185
26 28 0.0181818
26 29 0.0178571
26 30 0.0175439
26 31 0.0172414
26 32 0.0169492
26 33 0.0166667
26 34 0.0163934
26 35 0.016129
26 36 0.015873
26 37 0.015625
26 38 0.0153846
26 39 0.0151515
26 40 0.0149254
26 41 0.0147059
26 42 0.0144928
26 43 0.0142857
26 44 0.0140845
26 45 0.0138889
26 46 0.0136986
26 47 0.0135135
26 48 0.0133333
26 49 0.0131579
26 50 0.012987
27 0 0.0357143
27 1 0.0344828
27 2 0.0333333
27 3 0.0322581
27 4 0.03125
27 5 0.030303
27 6 0.0294118
27 7 0.0285714
27 8 0.0277778
27 9 0.027027
27 10 0.0263158
27 11 0.025641
27 12 0.025
27 13 0.0243902
27 14 0.0238095
27 15 0.0232558
27 16 0.0227273
27 17 0.0222222
27 18 0.0217391
27 19 0.0212766
27 20 0.0208333
27 21 0.0204082
27 22 0.02
27 23 0.0196078
27 24 0.0192308
27 25 0.0188679
27 26 0.0185185
27 27 0.0181818
27 28 0.0178571
27 29 0.0175439
27 30 0.0172414
27 31 0.0169492
27 32 0.0166667
27 33 0.0163934
27 34 0.016129
27 35 0.015873
27 36 0.015625
27 37 0.0153846
27 38 0.0151515
27 39 0.0149254
27 40 0.0147059
27 41 0.0144928
27 42 0.0142857
27 43 0.0140845
27 44 0.0138889
27 45 0.0136986
27 46 0.0135135
27 47 0.0133333
27 48 0.0131579
27 49 0.012987
27 50 0.0128205
28 0 0.0344828
28 1 0.0333333
28 2 0.0322581
28 3 0.03125
28 4 0.030303
28 5 0.0294118
28 6 0.0285714
28 7 0.0277778
28 8 0.027027
28 9 0.0263158
28 10 0.025641
28 11 0.025
28 12 0.0243902
28 13 0.0238095
28 14 0.0232558
28 15 0.0227273
28 16 0.0222222
28 17 0.0217391
28 18 0.0212766
28 19 0.0208333
28 20 0.0204082
28 21 0.02
28 22 0.0196078
28 23 0.0192308
28 24 0.0188679
28 25 0.0185185
28 26 0.0181818
28 27 0.0178571
28 28 0.0175439
28 29 0.0172414
28 30 0.0169492
28 31 0.0166667
28 32 0.0163934
28 33 0.016129
28 34 0.015873
28 35 0.015625
28 36 0.0153846
28 37 0.0151515
28 38 0.0149254
28 39 0.0147059
28 40 0.0144928
28 41 0.0142857
28 42 0.0140845
28 43 0.0138889
28 44 0.0136986
28 45 0.0135135
28 46 0.0133333
28 47 0.0131579
28 48 0.012987
28 49 0.0128205
28 50 0.0126582
29 0 0.0333333
29 1 0.0322581
29 2 0.03125
29 3 0.030303
29 4 0.0294118
29 5 0.0285714
29 6 0.0277778
29 7 0.027027
29 8 0.0263158
29 9 0.025641
29 10 0.025
29 11 0.0243902
29 12 0.0238095
29 13 0.0232558
29 14 0.0227273
29 15 0.0222222
29 16 0.0217391
29 17 0.0212766
29 18 0.0208333
29 19 0.0204082
29 20 0.02
29 21 0.0196078
29 22 0.0192308
29 23 0.0188679
29 24 0.0185185
29 25 0.0181818
29 26 0.0178571
29 27 0.0175439
29 28 0.0172414
29 29 0.0169492
29 30 0.0166667
29 31 0.0163934
29 32 0.016129
29 33 0.015873
29 34 0.015625
29 35 0.0153846
29 36 0.0151515
29 37 0.0149254
29 38 0.0147059
29 39 0.0144928
29 40 0.0142857
29 41 0.0140845
29 42 0.0138889
29 43 0.0136986
29 44 0.0135135
29 45 0.0133333
29 46 0.0131579
29 47 0.012987
29 48 0.0128205
29 49 0.0126582
29 50 0.0125
30 0 0.0322581
30 1 0.03125
30 2 0.030303
30 3 0.0294118
30 4 0.0285714
30 5 0.0277778
30 6 0.027027
30 7 0.0263158
30 8 0.025641
30 9 0.025
30 10 0.0243902
30 11 0.0238095
30 12 0.0232558
30 13 0.0227273
30 14 0.0222222
30 15 0.0217391
30 16 0.0212766
30 17 0.0208333
30 18 0.0204082
30 19 0.02
30 20 0.0196078
30 21 0.0192308
30 22 0.0188679
30 23 0.0185185
30 24 0.0181818
30 25 0.0178571
30 26 0.0175439
30 27 0.0172414
30 28 0.0169492
30 29 0.0166667
30 30 0.0163934
30 31 0.016129
30 32 0.015873
30 33 0.015625
30 34 0.0153846
30 35 0.0151515
30 36 0.0149254
30 37 0.0147059
30 38 0.0144928
30 39 0.0142857
30 40 0.0140845
30 41 0.0138889
30 42 0.0136986
30 43 0.0135135
30 44 0.0133333
30 45 0.0131579
30 46 0.012987
30 47 0.0128205
30 48 0.0126582
30 49 0.0125
30 50 0.0123457
31 0 0.03125
31 1 0.030303
31 2 0.0294118
31 3 0.0285714
31 4 0.0277778
31 5 0.027027
31 6 0.0263158
31 7 0.025641
31 8 0.025
31 9 0.0243902
31 10 0.0238095
31 11 0.0232558
31 12 0.0227273
31 13 0.0222222
31 14 0.0217391
31 15 0.0212766
31 16 0.0208333
31 17 0.0204082
31 18 0.02
31 19 0.0196078
31 20 0.0192308
31 21 0.0188679
31 22 0.0185185
31 23 0.0181818
31 24 0.0178571
31 25 0.0175439
31 26 0.0172414
31 27 0.0169492
31 28 0.0166667
31 29 0.0163934
31 30 0.016129
31 31 0.015873
31 32 0.015625
31 33 0.0153846
31 34 0.0151515
31 35 0.0149254
31 36 0.0147059
31 37 0.0144928
31 38 0.0142857
31 39 0.0140845
31 40 0.0138889
31 41 0.0136986
31 42 0.0135135
31 43 0.0133333
31 44 0.0131579
31 45 0.012987
31 46 0.0128205
31 47 0.0126582
31 48 0.0125
31 49 0.0123457
31 50 0.0121951
32 0 0.030303
32 1 0.0294118
32 2 0.0285714
32 3 0.0277778
32 4 0.027027
32 5 0.0263158
32 6 0.025641
32 7 0.025
32 8 0.0243902
32 9 0.0238095
32 10 0.0232558
32 11 0.0227273
32 12 0.0222222
32 13 0.0217391
32 14 0.0212766
32 15 0.0208333
32 16 0.0204082
32 17 0.02
32 18 0.0196078
32 19 0.0192308
32 20 0.0188679
32 21 0.0185185
32 22 0.0181818
32 23 0.0178571
32 24 0.0175439
32 25 0.0172414
32 26 0.0169492
32 27 0.0166667
32 28 0.0163934
32 29 0.016129
32 30 0.015873
32 31 0.015625
32 32 0.0153846
32 33 0.0151515
32 34 0.0149254
32 35 0.0147059
32 36 0.0144928
32 37 0.0142857
32 38 0.0140845
32 39 0.0138889
32 40 0.0136986
32 41 0.0135135
32 42 0.0133333
32 43 0.0131579
32 44 0.012987
32 45 0.0128205
32 46 0.0126582
32 47 0.0125
32 48 0.0123457
32 49 0.0121951
32 50 0.0120482
33 0 0.0294118
33 1 0.0285714
33 2 0.0277778
33 3 0.027027
33 4 0.0263158
33 5 0.025641
33 6 0.025
33 7 0.0243902
33 8 0.0238095
33 9 0.0232558
33 10 0.0227273
33 11 0.0222222
33 12 0.0217391
33 13 0.0212766
33 14 0.0208333
33 15 0.0204082
33 16 0.02
33 17 0.0196078
33 18 0.0192308
33 19 0.0188679
33 20 0.0185185
33 21 0.0181818
33 22 0.0178571
33 23 0.0175439
33 24 0.0172414
33 25 0.0169492
33 26 0.0166667
33 27 0.0163934
33 28 0.016129
33 29 0.015873
33 30 0.015625
33 31 0.0153846
33 32 0.0151515
33 33 0.0149254
33 34 0.0147059
33 35 0.0144928
33 36 0.0142857
33 37 0.0140845
33 38 0.0138889
33 39 0.0136986
33 40 0.0135135
33 41 0.0133333
33 42 0.0131579
33 43 0.012987
33 44 0.0128205
33 45 0.0126582
33 46 0.0125
33 47 0.0123457
33 48 0.0121951
33 49 0.0120482
33 50 0.0119048
34 0 0.0285714
34 1 0.0277778
34 2 0.027027
34 3 0.0263158
34 4 0.025641
34 5 0.025
34 6 0.0243902
34 7 0.0238095
34 8 0.0232558
34 9 0.0227273
34 10 0.0222222
34 11 0.0217391
34 12 0.0212766
34 13 0.0208333
34 14 0.0204082
34 15 0.02
34 16 0.0196078
34 17 0.0192308
34 18 0.0188679
34 19 0.0185185
34 20 0.0181818
34 21 0.0178571
34 22 0.0175439
34 23 0.0172414
34 24 0.0169492
34 25 0.0166667
34 26 0.0163934
34 27 0.016129
34 28 0.015873
34 29 0.015625
34 30 0.0153846
34 31 0.0151515
34 32 0.0149254
34 33 0.0147059
34 34 0.0144928
34 35 0.0142857
34 36 0.0140845
34 37 0.0138889
34 38 0.0136986
34 39 0.0135135
34 40 0.0133333
34 41 0.0131579
34 42 0.012987
34 43 0.0128205
34 44 0.0126582
34 45 0.0125
34 46 0.0123457
34 47 0.0121951
34 48 0.0120482
34 49 0.0119048
34 50 0.0117647
35 0 0.0277778
35 1 0.027027
35 2 0.0263158
35 3 0.025641
35 4 0.025
35 5 0.0243902
35 6 0.0238095
35 7 0.0232558
35 8 0.0227273
35 9 0.0222222
35 10 0.0217391
35 11 0.0212766
35 12 0.0208333
35 13 0.0204082
35 14 0.02
35 15 0.0196078
35 16 0.0192308
35 17 0.0188679
35 18 0.0185185
35 19 0.0181818
35 20 0.0178571
35 21 0.0175439
35 22 0.0172414
35 23 0.0169492
35 24 0.0166667
35 25 0.0163934
35 26 0.016129
35 27 0.015873
35 28 0.015625
35 29 0.0153846
35 30 0.0151515
35 31 0.0149254
35 32 0.0147059
35 33 0.0144928
35 34 0.0142857
35 35 0.0140845
35 36 0.0138889
35 37 0.0136986
35 38 0.0135135
35 39 0.0133333
35 40 0.0131579
35 41 0.012987
35 42 0.0128205
35 43 0.0126582
35 44 0.0125
35 45 0.0123457
35 46 0.0121951
35 47 0.0120482
35 48 0.0119048
35 49 0.0117647
35 50 0.0116279
36 0 0.027027
36 1 0.0263158
36 2 0.025641
36 3 0.025
36 4 0.0243902
36 5 0.0238095
36 6 0.0232558
36 7 0.0227273
36 8 0.0222222
36 9 0.0217391
36 10 0.0212766
36 11 0.0208333
36 12 0.0204082
36 13 0.02
36 14 0.0196078
36 15 0.0192308
36 16 0.0188679
36 17 0.0185185
36 18 0.0181818
36 19 0.0178571
36 20 0.0175439
36 21 0.0172414
36 22 0.0169492
36 23 0.0166667
36 24 0.0163934
36 25 0.016129
36 26 0.015873
36 27 0.015625
36 28 0.0153846
36 29 0.0151515
36 30 0.0149254
36 31 0.0147059
36 32 0.0144928
36 33 0.0142857
36 34 0.0140845
36 35 0.0138889
36 36 0.0136986
36 37 0.0135135
36 38 0.0133333
36 39 0.0131579
36 40 0.012987
36 41 0.0128205
36 42 0.0126582
36 43 0.0125
36 44 0.0123457
36 45 0.0121951
36 46 0.0120482
36 47 0.0119048
36 48 0.0117647
36 49 0.0116279
36 50 0.0114943
37 0 0.0263158
37 1 0.025641
37 2 0.025
37 3 0.0243902
37 4 0.0238095
37 5 0.0232558
37 6 0.0227273
37 7 0.0222222
37 8 0.0217391
37 9 0.0212766
37 10 0.0208333
37 11 0.0204082
37 12 0.02
37 13 0.0196078
37 14 0.0192308
37 15 0.0188679
37 16 0.0185185
37 17 0.0181818
37 18 0.0178571
37 19 0.0175439
37 20 0.0172414
37 21 0.0169492
37 22 0.0166667
37 23 0.0163934
37 24 0.016129
37 25 0.015873
37 26 0.015625
37 27 0.0153846
37 28 0.0151515
37 29 0.0149254
37 30 0.0147059
37 31 0.0144928
37 32 0.0142857
37 33 0.0140845
37 34 0.0138889
37 35 0.0136986
37 36 0.0135135
37 37 0.0133333
37 38 0.0131579
37 39 0.012987
37 40 0.0128205
37 41 0.0126582
37 42 0.0125
37 43 0.0123457
37 44 0.0121951
37 45 0.0120482
37 46 0.0119048
37 47 0.0117647
37 48 0.0116279
37 49 0.0114943
37 50 0.0113636
38 0 0.025641
38 1 0.025
38 2 0.0243902
38 3 0.0238095
38 4 0.0232558
38 5 0.0227273
38 6 0.0222222
38 7 0.0217391
38 8 0.0212766
38 9 0.0208333
38 10 0.0204082
38 11 0.02
38 12 0.0196078
38 13 0.0192308
38 14 0.0188679
38 15 0.0185185
38 16 0.0181818
38 17 0.0178571
38 18 0.0175439
38 19 0.0172414
38 20 0.0169492
38 21 0.0166667
38 22 0.0163934
38 23 0.016129
38 24 0.015873
38 25 0.015625
38 26 0.0153846
38 27 0.0151515
38 28 0.0149254
38 29 0.0147059
38 30 0.0144928
38 31 0.0142857
38 32 0.0140845
38 33 0.0138889
38 34 0.0136986
38 35 0.0135135
38 36 0.0133333
38 37 0.0131579
38 38 0.012987
38 39 0.0128205
38 40 0.0126582
38 41 0.0125
38 42 0.0123457
38 43 0.0121951
38 44 0.0120482
38 45 0.0119048
38 46 0.0117647
38 47 0.0116279
38 48 0.0114943
38 49 0.0113636
38 50 0.011236
39 0 0.025
39 1 0.0243902
39 2 0.0238095
39 3 0.0232558
39 4 0.0227273
39 5 0.0222222
39 6 0.0217391
39 7 0.0212766
39 8 0.0208333
39 9 0.0204082
39 10 0.02
39 11 0.0196078
39 12 0.0192308
39 13 0.0188679
39 14 0.0185185
39 15 0.0181818
39 16 0.0178571
39 17 0.0175439
39 18 0.0172414
39 19 0.0169492
39 20 0.0166667
39 21 0.0163934
39 22 0.016129
39 23 0.015873
39 24 0.015625
39 25 0.0153846
39 26 0.0151515
39 27 0.0149254
39 28 0.0147059
39 29 0.0144928
39 30 0.0142857
39 31 0.0140845
39 32 0.0138889
39 33 0.0136986
39 34 0.0135135
39 35 0.0133333
39 36 0.0131579
39 37 0.012987
39 38 0.0128205
39 39 0.0126582
39 40 0.0125
39 41 0.0123457
39 42 0.0121951
39 43 0.0120482
39 44 0.0119048
39 45 0.0117647
39 46 0.0116279
39 47 0.0114943
39 48 0.0113636
39 49 0.011236
39 50 0.0111111
40 0 0.0243902
40 1 0.0238095
40 2 0.0232558
40 3 0.0227273
40 4 0.0222222
40 5 0.0217391
40 6 0.0212766
40 7 0.0208333
40 8 0.0204082
40 9 0.02
40 10 0.0196078
40 11 0.0192308
40 12 0.0188679
40 13 0.0185185
40 14 0.0181818
40 15 0.0178571
40 16 0.0175439
40 17 0.0172414
40 18 0.0169492
40 19 0.0166667
40 20 0.0163934
40 21 0.016129
40 22 0.015873
40 23 0.015625
40 24 0.0153846
40 25 0.0151515
40 26 0.0149254
40 27 0.0147059
40 28 0.0144928
40 29 0.0142857
40 30 0.0140845
40 31 0.0138889
40 32 0.0136986
40 33 0.0135135
40 34 0.0133333
40 35 0.0131579
40 36 0.012987
40 37 0.0128205
40 38 0.0126582
40 39 0.0125
40 40 0.0123457
40 41 0.0121951
40 42 0.0120482
40 43 0.0119048
40 44 0.0117647
40 45 0.0116279
40 46 0.0114943
40 47 0.0113636
40 48 0.011236
40 49 0.0111111
40 50 0.010989
41 0 0.0238095
41 1 0.0232558
41 2 0.0227273
41 3 0.0222222
41 4 0.0217391
41 5 0.0212766
41 6 0.0208333
41 7 0.0204082
41 8 0.02
41 9 0.0196078
41 10 0.0192308
41 11 0.0188679
41 12 0.0185185
41 13 0.0181818
41 14 0.0178571
41 15 0.0175439
41 16 0.0172414
41 17 0.0169492
41 18 0.0166667
41 19 0.0163934
41 20 0.016129
41 21 0.015873
41 22 0.015625
41 23 0.0153846
41 24 0.0151515
41 25 0.0149254
41 26 0.0147059
41 27 0.0144928
41 28 0.0142857
41 29 0.0140845
41 30 0.0138889
41 31 0.0136986
41 32 0.0135135
41 33 0.0133333
41 34 0.0131579
41 35 0.012987
41 36 0.0128205
41 37 0.0126582
41 38 0.0125
41 39 0.0123457
41 40 0.0121951
41 41 0.0120482
41 42 0.0119048
41 43 0.0117647
41 44 0.0116279
41 45 0.0114943
41 46 0.0113636
41 47 0.011236
41 48 0.0111111
41 49 0.010989
41 50 0.0108696
42 0 0.0232558
42 1 0.0227273
42 2 0.0222222
42 3 0.0217391
42 4 0.0212766
42 5 0.0208333
42 6 0.0204082
42 7 0.02
42 8 0.0196078
42 9 0.0192308
42 10 0.0188679
42 11 0.0185185
42 12 0.0181818
42 13 0.0178571
42 14 0.0175439
42 15 0.0172414
42 16 0.0169492
42 17 0.0166667
42 18 0.0163934
42 19 0.016129
42 20 0.015873
42 21 0.015625
42 22 0.0153846
42 23 0.0151515
42 24 0.0149254
42 25 0.0147059
42 26 0.0144928
42 27 0.0142857
42 28 0.0140845
42 29 0.0138889
42 30 0.0136986
42 31 0.0135135
42 32 0.0133333
42 33 0.0131579
42 34 0.012987
42 35 0.0128205
42 36 0.0126582
42 37 0.0125
42 38 0.0123457
42 39 0.0121951
42 40 0.0120482
42 41 0.0119048
42 42 0.0117647
42 43 0.0116279
42 44 0.0114943
42 45 0.0113636
42 46 0.011236
42 47 0.0111111
42 48 0.010989
42 49 0.0108696
42 50 0.0107527
43 0 0.0227273
43 1 0.0222222
43 2 0.0217391
43 3 0.0212766
43 4 0.0208333
43 5 0.0204082
43 6 0.02
43 7 0.0196078
43 8 0.0192308
43 9 0.0188679
43 10 0.0185185
43 11 0.0181818
43 12 0.0178571
43 13 0.0175439
43 14 0.0172414
43 15 0.0169492
43 16 0.0166667
43 17 0.0163934
43 18 0.016129
43 19 0.015873
43 20 0.015625
43 21 0.0153846
43 22 0.0151515
43 23 0.0149254
43 24 0.0147059
43 25 0.0144928
43 26 0.0142857
43 27 0.0140845
43 28 0.0138889
43 29 0.0136986
43 30 0.0135135
43 31 0.0133333
43 32 0.0131579
43 33 0.012987
43 34 0.0128205
43 35 0.0126582
43 36 0.0125
43 37 0.0123457
43 38 0.0121951
43 39 0.0120482
43 40 0.0119048
43 41 0.0117647
43 42 0.0116279
43 43 0.0114943
43 44 0.0113636
43 45 0.011236
43 46 0.0111111
43 47 0.010989
43 48 0.0108696
43 49 0.0107527
43 50 0.0106383
44 0 0.0222222
44 1 0.0217391
44 2 0.0212766
44 3 0.0208333
44 4 0.0204082
44 5 0.02
44 6 0.0196078
44 7 0.0192308
44 8 0.0188679
44 9 0.0185185
44 10 0.0181818
44 11 0.0178571
44 12 0.0175439
44 13 0.0172414
44 14 0.0169492
44 15 0.0166667
44 16 0.0163934
44 17 0.016129
44 18 0.015873
44 19 0.015625
44 20 0.0153846
44 21 0.0151515
44 22 0.0149254
44 23 0.0147059
44 24 0.0144928
44 25 0.0142857
44 26 0.0140845
44 27 0.0138889
44 28 0.0136986
44 29 0.0135135
44 30 0.0133333
44 31 0.0131579
44 32 0.012987
44 33 0.0128205
44 34 0.0126582
44 35 0.0125
44 36 0.0123457
44 37 0.0121951
44 38 0.0120482
44 39 0.0119048
44 40 0.0117647
44 41 0.0116279
44 42 0.0114943
44 43 0.0113636
44 44 0.011236
44 45 0.0111111
44 46 0.010989
44 47 0.0108696
44 48 0.0107527
44 49 0.0106383
44 50 0.0105263
45 0 0.0217391
45 1 0.0212766
45 2 0.0208333
45 3 0.0204082
45 4 0.02
45 5 0.0196078
45 6 0.0192308
45 7 0.0188679
45 8 0.0185185
45 9 0.0181818
45 10 0.0178571
45 11 0.0175439
45 12 0.0172414
45 13 0.0169492
45 14 0.0166667
45 15 0.0163934
45 16 0.016129
45 17 0.015873
45 18 0.015625
45 19 0.0153846
45 20 0.0151515
45 21 0.0149254
45 22 0.0147059
45 23 0.0144928
45 24 0.0142857
45 25 0.0140845
45 26 0.0138889
45 27 0.0136986
45 28 0.0135135
45 29 0.0133333
45 30 0.0131579
45 31 0.012987
45 32 0.0128205
45 33 0.0126582
45 34 0.0125
45 35 0.0123457
45 36 0.0121951
45 37 0.0120482
45 38 0.0119048
45 39 0.0117647
45 40 0.0116279
45 41 0.0114943
45 42 0.0113636
45 43 0.011236
45 44 0.0111111
45 45 0.010989
45 46 0.0108696
45 47 0.0107527
45 48 0.0106383
45 49 0.0105263
45 50 0.0104167
46 0 0.0212766
46 1 0.0208333
46 2 0.0204082
46 3 0.02
46 4 0.0196078
46 5 0.0192308
46 6 0.0188679
46 7 0.0185185
46 8 0.0181818
46 9 0.0178571
46 10 0.0175439
46 11 0.0172414
46 12 0.0169492
46 13 0.0166667
46 14 0.0163934
46 15 0.016129
46 16 0.015873
46 17 0.015625
46 18 0.0153846
46 19 0.0151515
46 20 0.0149254
46 21 0.0147059
46 22 0.0144928
46 23 0.0142857
46 24 0.0140845
46 25 0.0138889
46 26 0.0136986
46 27 0.0135135
46 28 0.0133333
46 29 0.0131579
46 30 0.012987
46 31 0.0128205
46 32 0.0126582
46 33 0.0125
46 34 0.0123457
46 35 0.0121951
46 36 0.0120482
46 37 0.0119048
46 38 0.0117647
46 39 0.0116279
46 40 0.0114943
46 41 0.0113636
46 42 0.011236
46 43 0.0111111
46 44 0.010989
46 45 0.0108696
46 46 0.0107527
46 47 0.0106383
46 48 0.0105263
46 49 0.0104167
46 50 0.0103093
47 0 0.0208333
47 1 0.0204082
47 2 0.02
47 3 0.0196078
47 4 0.0192308
47 5 0.0188679
47 6 0.0185185
47 7 0.0181818
47 8 0.0178571
47 9 0.0175439
47 10 0.0172414
47 11 0.0169492
47 12 0.0166667
47 13 0.0163934
47 14 0.016129
47 15 0.015873
47 16 0.015625
47 17 0.0153846
47 18 0.0151515
47 19 0.0149254
47 20 0.0147059
47 21 0.0144928
47 22 0.0142857
47 23 0.0140845
47 24 0.0138889
47 25 0.0136986
47 26 0.0135135
47 27 0.0133333
47 28 0.0131579
47 29 0.012987
47 30 0.0128205
47 31 0.0126582
47 32 0.0125
47 33 0.0123457
47 34 0.0121951
47 35 0.0120482
47 36 0.0119048
47 37 0.0117647
47 38 0.0116279
47 39 0.0114943
47 40 0.0113636
47 41 0.011236
47 42 0.0111111
47 43 0.010989
47 44 0.0108696
47 45 0.0107527
47 46 0.0106383
47 47 0.0105263
47 48 0.0104167
47 49 0.0103093
47 50 0.0102041
48 0 0.0204082
48 1 0.02
48 2 0.0196078
48 3 0.0192308
48 4 0.0188679
48 5 0.0185185
48 6 0.0181818
48 7 0.0178571
48 8 0.0175439
48 9 0.0172414
48 10 0.0169492
48 11 0.0166667
48 12 0.0163934
48 13 0.016129
48 14 0.015873
48 15 0.015625
48 16 0.0153846
48 17 0.0151515
48 18 0.0149254
48 19 0.0147059
48 20 0.0144928
48 21 0.0142857
48 22 0.0140845
48 23 0.0138889
48 24 0.0136986
48 25 0.0135135
48 26 0.0133333
48 27 0.0131579
48 28 0.012987
48 29 0.0128205
48 30 0.0126582
48 31 0.0125
48 32 0.0123457
48 33 0.0121951
48 34 0.0120482
48 35 0.0119048
48 36 0.0117647
48 37 0.0116279
48 38 0.0114943
48 39 0.0113636
48 40 0.011236
48 41 0.0111111
48 42 0.010989
48 43 0.0108696
48 44 0.0107527
48 45 0.0106383
48 46 0.0105263
48 47 0.0104167
48 48 0.0103093
48 49 0.0102041
48 50 0.010101
49 0 0.02
49 1 0.0196078
49 2 0.0192308
49 3 0.0188679
49 4 0.0185185
49 5 0.0181818
49 6 0.0178571
49 7 0.0175439
49 8 0.0172414
49 9 0.0169492
49 10 0.0166667
49 11 0.0163934
49 12 0.016129
49 13 0.015873
49 14 0.015625
49 15 0.0153846
49 16 0.0151515
49 17 0.0149254
49 18 0.0147059
49 19 0.0144928
49 20 0.0142857
49 21 0.0140845
49 22 0.0138889
49 23 0.0136986
49 24 0.0135135
49 25 0.0133333
49 26 0.0131579
49 27 0.012987
49 28 0.0128205
49 29 0.0126582
49 30 0.0125
49 31 0.0123457
49 32 0.0121951
49 33 0.0120482
49 34 0.0119048
49 35 0.0117647
49 36 0.0116279
49 37 0.0114943
49 38 0.0113636
49 39 0.011236
49 40 0.0111111
49 41 0.010989
49 42 0.0108696
49 43 0.0107527
49 44 0.0106383
49 45 0.0105263
49 46 0.0104167
49 47 0.0103093
49 48 0.0102041
49 49 0.010101
49 50 0.01
50 0 0.0196078
50 1 0.0192308
50 2 0.0188679
50 3 0.0185185
50 4 0.0181818
50 5 0.0178571
50 6 0.0175439
50 7 0.0172414
50 8 0.0169492
50 9 0.0166667
50 10 0.0163934
50 11 0.016129
50 12 0.015873
50 13 0.015625
50 14 0.0153846
50 15 0.0151515
50 16 0.0149254
50 17 0.0147059
50 18 0.0144928
50 19 0.0142857
50 20 0.0140845
50 21 0.0138889
50 22 0.0136986
50 23 0.0135135
50 24 0.0133333
50 25 0.0131579
50 26 0.012987
50 27 0.0128205
50 28 0.0126582
50 29 0.0125
50 30 0.0123457
50 31 0.0121951
50 32 0.0120482
50 33 0.0119048
50 34 0.0117647
50 35 0.0116279
50 36 0.0114943
50 37 0.0113636
50 38 0.011236
50 39 0.0111111
50 40 0.010989
50 41 0.0108696
50 42 0.0107527
50 43 0.0106383
50 44 0.0105263
50 45 0.0104167
50 46 0.0103093
50 47 0.0102041
50 48 0.010101
50 49 0.01
50 50 0.00990099
51
4.51881
3.53804
3.05691
2.7421
2.51028
2.32814
2.17901
2.0534
1.94535
1.8509
1.7673
1.69252
1.62506
1.56376
1.50771
1.4562
1.40862
1.36451
1.32344
1.2851
1.24918
1.21545
1.1837
1.15373
1.1254
1.09856
1.07308
1.04886
1.02581
1.00383
0.982838
0.962775
0.943573
0.925175
0.907528
0.890584
0.874301
0.858637
0.843557
0.829028
0.815017
0.801496
0.788439
0.775822
0.763621
0.751815
0.740385
0.729313
0.71858
0.708172
0.698073
