73
5329
0 0 1
0 1 0.5
0 2 0.333333
0 3 0.25
0 4 0.2
0 5 0.166667
0 6 0.142857
0 7 0.125
0 8 0.111111
0 9 0.1
0 10 0.0909091
0 11 0.0833333
0 12 0.0769231
0 13 0.0714286
0 14 0.0666667
0 15 0.0625
0 16 0.0588235
0 17 0.0555556
0 18 0.0526316
0 19 0.05
0 20 0.047619
0 21 0.0454545
0 22 0.0434783
0 23 0.0416667
0 24 0.04
0 25 0.0384615
0 26 0.037037
0 27 0.0357143
0 28 0.0344828
0 29 0.0333333
0 30 0.0322581
0 31 0.03125
0 32 0.030303
0 33 0.0294118
0 34 0.0285714
0 35 0.0277778
0 36 0.027027
0 37 0.0263158
0 38 0.025641
0 39 0.025
0 40 0.0243902
0 41 0.0238095
0 42 0.0232558
0 43 0.0227273
0 44 0.0222222
0 45 0.0217391
0 46 0.0212766
0 47 0.0208333
0 48 0.0204082
0 49 0.02
0 50 0.0196078
0 51 0.0192308
0 52 0.0188679
0 53 0.0185185
0 54 0.0181818
0 55 0.0178571
0 56 0.0175439
0 57 0.0172414
0 58 0.0169492
0 59 0.0166667
0 60 0.0163934
0 61 0.016129
0 62 0.015873
0 63 0.015625
0 64 0.0153846
0 65 0.0151515
0 66 0.0149254
0 67 0.0147059
0 68 0.0144928
0 69 0.0142857
0 70 0.0140845
0 71 0.0138889
0 72 0.0136986
1 0 0.5
1 1 0.333333
1 2 0.25
1 3 0.2
1 4 0.166667
1 5 0.142857
1 6 0.125
1 7 0.111111
1 8 0.1
1 9 0.0909091
1 10 0.0833333
1 11 0.0769231
1 12 0.0714286
1 13 0.0666667
1 14 0.0625
1 15 0.0588235
1 16 0.0555556
1 17 0.0526316
1 18 0.05
1 19 0.047619
1 20 0.0454545
1 21 0.0434783
1 22 0.0416667
1 23 0.04
1 24 0.0384615
1 25 0.037037
1 26 0.0357143
1 27 0.0344828
1 28 0.0333333
1 29 0.0322581
1 30 0.03125
1 31 0.030303
1 32 0.0294118
1 33 0.0285714
1 34 0.0277778
1 35 0.027027
1 36 0.0263158
1 37 0.025641
1 38 0.025
1 39 0.0243902
1 40 0.0238095
1 41 0.0232558
1 42 0.0227273
1 43 0.0222222
1 44 0.0217391
1 45 0.0212766
1 46 0.0208333
1 47 0.0204082
1 48 0.02
1 49 0.0196078
1 50 0.0192308
1 51 0.0188679
1 52 0.0185185
1 53 0.0181818
1 54 0.0178571
1 55 0.0175439
1 56 0.0172414
1 57 0.0169492
1 58 0.0166667
1 59 0.0163934
1 60 0.016129
1 61 0.015873
1 62 0.015625
1 63 0.0153846
1 64 0.0151515
1 65 0.0149254
1 66 0.0147059
1 67 0.0144928
1 68 0.0142857
1 69 0.0140845
1 70 0.0138889
1 71 0.0136986
1 72 0.0135135
2 0 0.333333
2 1 0.25
2 2 0.2
2 3 0.166667
2 4 0.142857
2 5 0.125
2 6 0.111111
2 7 0.1
2 8 0.0909091
2 9 0.0833333
2 10 0.0769231
2 11 0.0714286
2 12 0.0666667
2 13 0.0625
2 14 0.0588235
2 15 0.0555556
2 16 0.0526316
2 17 0.05
2 18 0.047619
2 19 0.0454545
2 20 0.0434783
2 21 0.0416667
2 22 0.04
2 23 0.0384615
2 24 0.037037
2 25 0.0357143
2 26 0.0344828
2 27 0.0333333
2 28 0.0322581
2 29 0.03125
2 30 0.030303
2 31 0.0294118
2 32 0.0285714
2 33 0.0277778
2 34 0.027027
2 35 0.0263158
2 36 0.025641
2 37 0.025
2 38 0.0243902
2 39 0.0238095
2 40 0.0232558
2 41 0.0227273
2 42 0.0222222
2 43 0.0217391
2 44 0.0212766
2 45 0.0208333
2 46 0.0204082
2 47 0.02
2 48 0.0196078
2 49 0.0192308
2 50 0.0188679
2 51 0.0185185
2 52 0.0181818
2 53 0.0178571
2 54 0.0175439
2 55 0.0172414
2 56 0.0169492
2 57 0.0166667
2 58 0.0163934
2 59 0.016129
2 60 0.015873
2 61 0.015625
2 62 0.0153846
2 63 0.0151515
2 64 0.0149254
2 65 0.0147059
2 66 0.0144928
2 67 0.0142857
2 68 0.0140845
2 69 0.0138889
2 70 0.0136986
2 71 0.0135135
2 72 0.0133333
3 0 0.25
3 1 0.2
3 2 0.166667
3 3 0.142857
3 4 0.125
3 5 0.111111
3 6 0.1
3 7 0.0909091
3 8 0.0833333
3 9 0.0769231
3 10 0.0714286
3 11 0.0666667
3 12 0.0625
3 13 0.0588235
3 14 0.0555556
3 15 0.0526316
3 16 0.05
3 17 0.047619
3 18 0.0454545
3 19 0.0434783
3 20 0.0416667
3 21 0.04
3 22 0.0384615
3 23 0.037037
3 24 0.0357143
3 25 0.0344828
3 26 0.0333333
3 27 0.0322581
3 28 0.03125
3 29 0.030303
3 30 0.0294118
3 31 0.0285714
3 32 0.0277778
3 33 0.027027
3 34 0.0263158
3 35 0.025641
3 36 0.025
3 37 0.0243902
3 38 0.0238095
3 39 0.0232558
3 40 0.0227273
3 41 0.0222222
3 42 0.0217391
3 43 0.0212766
3 44 0.0208333
3 45 0.0204082
3 46 0.02
3 47 0.0196078
3 48 0.0192308
3 49 0.0188679
3 50 0.0185185
3 51 0.0181818
3 52 0.0178571
3 53 0.0175439
3 54 0.0172414
3 55 0.0169492
3 56 0.0166667
3 57 0.0163934
3 58 0.016129
3 59 0.015873
3 60 0.015625
3 61 0.0153846
3 62 0.0151515
3 63 0.0149254
3 64 0.0147059
3 65 0.0144928
3 66 0.0142857
3 67 0.0140845
3 68 0.0138889
3 69 0.0136986
3 70 0.0135135
3 71 0.0133333
3 72 0.0131579
4 0 0.2
4 1 0.166667
4 2 0.142857
4 3 0.125
4 4 0.111111
4 5 0.1
4 6 0.0909091
4 7 0.0833333
4 8 0.0769231
4 9 0.0714286
4 10 0.0666667
4 11 0.0625
4 12 0.0588235
4 13 0.0555556
4 14 0.0526316
4 15 0.05
4 16 0.047619
4 17 0.0454545
4 18 0.0434783
4 19 0.0416667
4 20 0.04
4 21 0.0384615
4 22 0.037037
4 23 0.0357143
4 24 0.0344828
4 25 0.0333333
4 26 0.0322581
4 27 0.03125
4 28 0.030303
4 29 0.0294118
4 30 0.0285714
4 31 0.0277778
4 32 0.027027
4 33 0.0263158
4 34 0.025641
4 35 0.025
4 36 0.0243902
4 37 0.0238095
4 38 0.0232558
4 39 0.0227273
4 40 0.0222222
4 41 0.0217391
4 42 0.0212766
4 43 0.0208333
4 44 0.0204082
4 45 0.02
4 46 0.0196078
4 47 0.0192308
4 48 0.0188679
4 49 0.0185185
4 50 0.0181818
4 51 0.0178571
4 52 0.0175439
4 53 0.0172414
4 54 0.0169492
4 55 0.0166667
4 56 0.0163934
4 57 0.016129
4 58 0.015873
4 59 0.015625
4 60 0.0153846
4 61 0.0151515
4 62 0.0149254
4 63 0.0147059
4 64 0.0144928
4 65 0.0142857
4 66 0.0140845
4 67 0.0138889
4 68 0.0136986
4 69 0.0135135
4 70 0.0133333
4 71 0.0131579
4 72 0.012987
5 0 0.166667
5 1 0.142857
5 2 0.125
5 3 0.111111
5 4 0.1
5 5 0.0909091
5 6 0.0833333
5 7 0.0769231
5 8 0.0714286
5 9 0.0666667
5 10 0.0625
5 11 0.0588235
5 12 0.0555556
5 13 0.0526316
5 14 0.05
5 15 0.047619
5 16 0.0454545
5 17 0.0434783
5 18 0.0416667
5 19 0.04
5 20 0.0384615
5 21 0.037037
5 22 0.0357143
5 23 0.0344828
5 24 0.0333333
5 25 0.0322581
5 26 0.03125
5 27 0.030303
5 28 0.0294118
5 29 0.0285714
5 30 0.0277778
5 31 0.027027
5 32 0.0263158
5 33 0.025641
5 34 0.025
5 35 0.0243902
5 36 0.0238095
5 37 0.0232558
5 38 0.0227273
5 39 0.0222222
5 40 0.0217391
5 41 0.0212766
5 42 0.0208333
5 43 0.0204082
5 44 0.02
5 45 0.0196078
5 46 0.0192308
5 47 0.0188679
5 48 0.0185185
5 49 0.0181818
5 50 0.0178571
5 51 0.0175439
5 52 0.0172414
5 53 0.0169492
5 54 0.0166667
5 55 0.0163934
5 56 0.016129
5 57 0.015873
5 58 0.015625
5 59 0.0153846
5 60 0.0151515
5 61 0.0149254
5 62 0.0147059
5 63 0.0144928
5 64 0.0142857
5 65 0.0140845
5 66 0.0138889
5 67 0.0136986
5 68 0.0135135
5 69 0.0133333
5 70 0.0131579
5 71 0.012987
5 72 0.0128205
6 0 0.142857
6 1 0.125
6 2 0.111111
6 3 0.1
6 4 0.0909091
6 5 0.0833333
6 6 0.0769231
6 7 0.0714286
6 8 0.0666667
6 9 0.0625
6 10 0.0588235
6 11 0.0555556
6 12 0.0526316
6 13 0.05
6 14 0.047619
6 15 0.0454545
6 16 0.0434783
6 17 0.0416667
6 18 0.04
6 19 0.0384615
6 20 0.037037
6 21 0.0357143
6 22 0.0344828
6 23 0.0333333
6 24 0.0322581
6 25 0.03125
6 26 0.030303
6 27 0.0294118
6 28 0.0285714
6 29 0.0277778
6 30 0.027027
6 31 0.0263158
6 32 0.025641
6 33 0.025
6 34 0.0243902
6 35 0.0238095
6 36 0.0232558
6 37 0.0227273
6 38 0.0222222
6 39 0.0217391
6 40 0.0212766
6 41 0.0208333
6 42 0.0204082
6 43 0.02
6 44 0.0196078
6 45 0.0192308
6 46 0.0188679
6 47 0.0185185
6 48 0.0181818
6 49 0.0178571
6 50 0.0175439
6 51 0.0172414
6 52 0.0169492
6 53 0.0166667
6 54 0.0163934
6 55 0.016129
6 56 0.015873
6 57 0.015625
6 58 0.0153846
6 59 0.0151515
6 60 0.0149254
6 61 0.0147059
6 62 0.0144928
6 63 0.0142857
6 64 0.0140845
6 65 0.0138889
6 66 0.0136986
6 67 0.0135135
6 68 0.0133333
6 69 0.0131579
6 70 0.012987
6 71 0.0128205
6 72 0.0126582
7 0 0.125
7 1 0.111111
7 2 0.1
7 3 0.0909091
7 4 0.0833333
7 5 0.0769231
7 6 0.0714286
7 7 0.0666667
7 8 0.0625
7 9 0.0588235
7 10 0.0555556
7 11 0.0526316
7 12 0.05
7 13 0.047619
7 14 0.0454545
7 15 0.0434783
7 16 0.0416667
7 17 0.04
7 18 0.0384615
7 19 0.037037
7 20 0.0357143
7 21 0.0344828
7 22 0.0333333
7 23 0.0322581
7 24 0.03125
7 25 0.030303
7 26 0.0294118
7 27 0.0285714
7 28 0.0277778
7 29 0.027027
7 30 0.0263158
7 31 0.025641
7 32 0.025
7 33 0.0243902
7 34 0.0238095
7 35 0.0232558
7 36 0.0227273
7 37 0.0222222
7 38 0.0217391
7 39 0.0212766
7 40 0.0208333
7 41 0.0204082
7 42 0.02
7 43 0.0196078
7 44 0.0192308
7 45 0.0188679
7 46 0.0185185
7 47 0.0181818
7 48 0.0178571
7 49 0.0175439
7 50 0.0172414
7 51 0.0169492
7 52 0.0166667
7 53 0.0163934
7 54 0.016129
7 55 0.015873
7 56 0.015625
7 57 0.0153846
7 58 0.0151515
7 59 0.0149254
7 60 0.0147059
7 61 0.0144928
7 62 0.0142857
7 63 0.0140845
7 64 0.0138889
7 65 0.0136986
7 66 0.0135135
7 67 0.0133333
7 68 0.0131579
7 69 0.012987
7 70 0.0128205
7 71 0.0126582
7 72 0.0125
8 0 0.111111
8 1 0.1
8 2 0.0909091
8 3 0.0833333
8 4 0.0769231
8 5 0.0714286
8 6 0.0666667
8 7 0.0625
8 8 0.0588235
8 9 0.0555556
8 10 0.0526316
8 11 0.05
8 12 0.047619
8 13 0.0454545
8 14 0.0434783
8 15 0.0416667
8 16 0.04
8 17 0.0384615
8 18 0.037037
8 19 0.0357143
8 20 0.0344828
8 21 0.0333333
8 22 0.0322581
8 23 0.03125
8 24 0.030303
8 25 0.0294118
8 26 0.0285714
8 27 0.0277778
8 28 0.027027
8 29 0.0263158
8 30 0.025641
8 31 0.025
8 32 0.0243902
8 33 0.0238095
8 34 0.0232558
8 35 0.0227273
8 36 0.0222222
8 37 0.0217391
8 38 0.0212766
8 39 0.0208333
8 40 0.0204082
8 41 0.02
8 42 0.0196078
8 43 0.0192308
8 44 0.0188679
8 45 0.0185185
8 46 0.0181818
8 47 0.0178571
8 48 0.0175439
8 49 0.0172414
8 50 0.0169492
8 51 0.0166667
8 52 0.0163934
8 53 0.016129
8 54 0.015873
8 55 0.015625
8 56 0.0153846
8 57 0.0151515
8 58 0.0149254
8 59 0.0147059
8 60 0.0144928
8 61 0.0142857
8 62 0.0140845
8 63 0.0138889
8 64 0.0136986
8 65 0.0135135
8 66 0.0133333
8 67 0.0131579
8 68 0.012987
8 69 0.0128205
8 70 0.0126582
8 71 0.0125
8 72 0.0123457
9 0 0.1
9 1 0.0909091
9 2 0.0833333
9 3 0.0769231
9 4 0.0714286
9 5 0.0666667
9 6 0.0625
9 7 0.0588235
9 8 0.0555556
9 9 0.0526316
9 10 0.05
9 11 0.047619
9 12 0.0454545
9 13 0.0434783
9 14 0.0416667
9 15 0.04
9 16 0.0384615
9 17 0.037037
9 18 0.0357143
9 19 0.0344828
9 20 0.0333333
9 21 0.0322581
9 22 0.03125
9 23 0.030303
9 24 0.0294118
9 25 0.0285714
9 26 0.0277778
9 27 0.027027
9 28 0.0263158
9 29 0.025641
9 30 0.025
9 31 0.0243902
9 32 0.0238095
9 33 0.0232558
9 34 0.0227273
9 35 0.0222222
9 36 0.0217391
9 37 0.0212766
9 38 0.0208333
9 39 0.0204082
9 40 0.02
9 41 0.0196078
9 42 0.0192308
9 43 0.0188679
9 44 0.0185185
9 45 0.0181818
9 46 0.0178571
9 47 0.0175439
9 48 0.0172414
9 49 0.0169492
9 50 0.0166667
9 51 0.0163934
9 52 0.016129
9 53 0.015873
9 54 0.015625
9 55 0.0153846
9 56 0.0151515
9 57 0.0149254
9 58 0.0147059
9 59 0.0144928
9 60 0.0142857
9 61 0.0140845
9 62 0.0138889
9 63 0.0136986
9 64 0.0135135
9 65 0.0133333
9 66 0.0131579
9 67 0.012987
9 68 0.0128205
9 69 0.0126582
9 70 0.0125
9 71 0.0123457
9 72 0.0121951
10 0 0.0909091
10 1 0.0833333
10 2 0.0769231
10 3 0.0714286
10 4 0.0666667
10 5 0.0625
10 6 0.0588235
10 7 0.0555556
10 8 0.0526316
10 9 0.05
10 10 0.047619
10 11 0.0454545
10 12 0.0434783
10 13 0.0416667
10 14 0.04
10 15 0.0384615
10 16 0.037037
10 17 0.0357143
10 18 0.0344828
10 19 0.0333333
10 20 0.0322581
10 21 0.03125
10 22 0.030303
10 23 0.0294118
10 24 0.0285714
10 25 0.0277778
10 26 0.027027
10 27 0.0263158
10 28 0.025641
10 29 0.025
10 30 0.0243902
10 31 0.0238095
10 32 0.0232558
10 33 0.0227273
10 34 0.0222222
10 35 0.0217391
10 36 0.0212766
10 37 0.0208333
10 38 0.0204082
10 39 0.02
10 40 0.0196078
10 41 0.0192308
10 42 0.0188679
10 43 0.0185185
10 44 0.0181818
10 45 0.0178571
10 46 0.0175439
10 47 0.0172414
10 48 0.0169492
10 49 0.0166667
10 50 0.0163934
10 51 0.016129
10 52 0.015873
10 53 0.015625
10 54 0.0153846
10 55 0.0151515
10 56 0.0149254
10 57 0.0147059
10 58 0.0144928
10 59 0.0142857
10 60 0.0140845
10 61 0.0138889
10 62 0.0136986
10 63 0.0135135
10 64 0.0133333
10 65 0.0131579
10 66 0.012987
10 67 0.0128205
10 68 0.0126582
10 69 0.0125
10 70 0.0123457
10 71 0.0121951
10 72 0.0120482
11 0 0.0833333
11 1 0.0769231
11 2 0.0714286
11 3 0.0666667
11 4 0.0625
11 5 0.0588235
11 6 0.0555556
11 7 0.0526316
11 8 0.05
11 9 0.047619
11 10 0.0454545
11 11 0.0434783
11 12 0.0416667
11 13 0.04
11 14 0.0384615
11 15 0.037037
11 16 0.0357143
11 17 0.0344828
11 18 0.0333333
11 19 0.0322581
11 20 0.03125
11 21 0.030303
11 22 0.0294118
11 23 0.0285714
11 24 0.0277778
11 25 0.027027
11 26 0.0263158
11 27 0.025641
11 28 0.025
11 29 0.0243902
11 30 0.0238095
11 31 0.0232558
11 32 0.0227273
11 33 0.0222222
11 34 0.0217391
11 35 0.0212766
11 36 0.0208333
11 37 0.0204082
11 38 0.02
11 39 0.0196078
11 40 0.0192308
11 41 0.0188679
11 42 0.0185185
11 43 0.0181818
11 44 0.0178571
11 45 0.0175439
11 46 0.0172414
11 47 0.0169492
11 48 0.0166667
11 49 0.0163934
11 50 0.016129
11 51 0.015873
11 52 0.015625
11 53 0.0153846
11 54 0.0151515
11 55 0.0149254
11 56 0.0147059
11 57 0.0144928
11 58 0.0142857
11 59 0.0140845
11 60 0.0138889
11 61 0.0136986
11 62 0.0135135
11 63 0.0133333
11 64 0.0131579
11 65 0.012987
11 66 0.0128205
11 67 0.0126582
11 68 0.0125
11 69 0.0123457
11 70 0.0121951
11 71 0.0120482
11 72 0.0119048
12 0 0.0769231
12 1 0.0714286
12 2 0.0666667
12 3 0.0625
12 4 0.0588235
12 5 0.0555556
12 6 0.0526316
12 7 0.05
12 8 0.047619
12 9 0.0454545
12 10 0.0434783
12 11 0.0416667
12 12 0.04
12 13 0.0384615
12 14 0.037037
12 15 0.0357143
12 16 0.0344828
12 17 0.0333333
12 18 0.0322581
12 19 0.03125
12 20 0.030303
12 21 0.0294118
12 22 0.0285714
12 23 0.0277778
12 24 0.027027
12 25 0.0263158
12 26 0.025641
12 27 0.025
12 28 0.0243902
12 29 0.0238095
12 30 0.0232558
12 31 0.0227273
12 32 0.0222222
12 33 0.0217391
12 34 0.0212766
12 35 0.0208333
12 36 0.0204082
12 37 0.02
12 38 0.0196078
12 39 0.0192308
12 40 0.0188679
12 41 0.0185185
12 42 0.0181818
12 43 0.0178571
12 44 0.0175439
12 45 0.0172414
12 46 0.0169492
12 47 0.0166667
12 48 0.0163934
12 49 0.016129
12 50 0.015873
12 51 0.015625
12 52 0.0153846
12 53 0.0151515
12 54 0.0149254
12 55 0.0147059
12 56 0.0144928
12 57 0.0142857
12 58 0.0140845
12 59 0.0138889
12 60 0.0136986
12 61 0.0135135
12 62 0.0133333
12 63 0.0131579
12 64 0.012987
12 65 0.0128205
12 66 0.0126582
12 67 0.0125
12 68 0.0123457
12 69 0.0121951
12 70 0.0120482
12 71 0.0119048
12 72 0.0117647
13 0 0.0714286
13 1 0.0666667
13 2 0.0625
13 3 0.0588235
13 4 0.0555556
13 5 0.0526316
13 6 0.05
13 7 0.047619
13 8 0.0454545
13 9 0.0434783
13 10 0.0416667
13 11 0.04
13 12 0.0384615
13 13 0.037037
13 14 0.0357143
13 15 0.0344828
13 16 0.0333333
13 17 0.0322581
13 18 0.03125
13 19 0.030303
13 20 0.0294118
13 21 0.0285714
13 22 0.0277778
13 23 0.027027
13 24 0.0263158
13 25 0.025641
13 26 0.025
13 27 0.0243902
13 28 0.0238095
13 29 0.0232558
13 30 0.0227273
13 31 0.0222222
13 32 0.0217391
13 33 0.0212766
13 34 0.0208333
13 35 0.0204082
13 36 0.02
13 37 0.0196078
13 38 0.0192308
13 39 0.0188679
13 40 0.0185185
13 41 0.0181818
13 42 0.0178571
13 43 0.0175439
13 44 0.0172414
13 45 0.0169492
13 46 0.0166667
13 47 0.0163934
13 48 0.016129
13 49 0.015873
13 50 0.015625
13 51 0.0153846
13 52 0.0151515
13 53 0.0149254
13 54 0.0147059
13 55 0.0144928
13 56 0.0142857
13 57 0.0140845
13 58 0.0138889
13 59 0.0136986
13 60 0.0135135
13 61 0.0133333
13 62 0.0131579
13 63 0.012987
13 64 0.0128205
13 65 0.0126582
13 66 0.0125
13 67 0.0123457
13 68 0.0121951
13 69 0.0120482
13 70 0.0119048
13 71 0.0117647
13 72 0.0116279
14 0 0.0666667
14 1 0.0625
14 2 0.0588235
14 3 0.0555556
14 4 0.0526316
14 5 0.05
14 6 0.047619
14 7 0.0454545
14 8 0.0434783
14 9 0.0416667
14 10 0.04
14 11 0.0384615
14 12 0.037037
14 13 0.0357143
14 14 0.0344828
14 15 0.0333333
14 16 0.0322581
14 17 0.03125
14 18 0.030303
14 19 0.0294118
14 20 0.0285714
14 21 0.0277778
14 22 0.027027
14 23 0.0263158
14 24 0.025641
14 25 0.025
14 26 0.0243902
14 27 0.0238095
14 28 0.0232558
14 29 0.0227273
14 30 0.0222222
14 31 0.0217391
14 32 0.0212766
14 33 0.0208333
14 34 0.0204082
14 35 0.02
14 36 0.0196078
14 37 0.0192308
14 38 0.0188679
14 39 0.0185185
14 40 0.0181818
14 41 0.0178571
14 42 0.0175439
14 43 0.0172414
14 44 0.0169492
14 45 0.0166667
14 46 0.0163934
14 47 0.016129
14 48 0.015873
14 49 0.015625
14 50 0.0153846
14 51 0.0151515
14 52 0.0149254
14 53 0.0147059
14 54 0.0144928
14 55 0.0142857
14 56 0.0140845
14 57 0.0138889
14 58 0.0136986
14 59 0.0135135
14 60 0.0133333
14 61 0.0131579
14 62 0.012987
14 63 0.0128205
14 64 0.0126582
14 65 0.0125
14 66 0.0123457
14 67 0.0121951
14 68 0.0120482
14 69 0.0119048
14 70 0.0117647
14 71 0.0116279
14 72 0.0114943
15 0 0.0625
15 1 0.0588235
15 2 0.0555556
15 3 0.0526316
15 4 0.05
15 5 0.047619
15 6 0.0454545
15 7 0.0434783
15 8 0.0416667
15 9 0.04
15 10 0.0384615
15 11 0.037037
15 12 0.0357143
15 13 0.0344828
15 14 0.0333333
15 15 0.0322581
15 16 0.03125
15 17 0.030303
15 18 0.0294118
15 19 0.0285714
15 20 0.0277778
15 21 0.027027
15 22 0.0263158
15 23 0.025641
15 24 0.025
15 25 0.0243902
15 26 0.0238095
15 27 0.0232558
15 28 0.0227273
15 29 0.0222222
15 30 0.0217391
15 31 0.0212766
15 32 0.0208333
15 33 0.0204082
15 34 0.02
15 35 0.0196078
15 36 0.0192308
15 37 0.0188679
15 38 0.0185185
15 39 0.0181818
15 40 0.0178571
15 41 0.0175439
15 42 0.0172414
15 43 0.0169492
15 44 0.0166667
15 45 0.0163934
15 46 0.016129
15 47 0.015873
15 48 0.015625
15 49 0.0153846
15 50 0.0151515
15 51 0.0149254
15 52 0.0147059
15 53 0.0144928
15 54 0.0142857
15 55 0.0140845
15 56 0.0138889
15 57 0.0136986
15 58 0.0135135
15 59 0.0133333
15 60 0.0131579
15 61 0.012987
15 62 0.0128205
15 63 0.0126582
15 64 0.0125
15 65 0.0123457
15 66 0.0121951
15 67 0.0120482
15 68 0.0119048
15 69 0.0117647
15 70 0.0116279
15 71 0.0114943
15 72 0.0113636
16 0 0.0588235
16 1 0.0555556
16 2 0.0526316
16 3 0.05
16 4 0.047619
16 5 0.0454545
16 6 0.0434783
16 7 0.0416667
16 8 0.04
16 9 0.0384615
16 10 0.037037
16 11 0.0357143
16 12 0.0344828
16 13 0.0333333
16 14 0.0322581
16 15 0.03125
16 16 0.030303
16 17 0.0294118
16 18 0.0285714
16 19 0.0277778
16 20 0.027027
16 21 0.0263158
16 22 0.025641
16 23 0.025
16 24 0.0243902
16 25 0.0238095
16 26 0.0232558
16 27 0.0227273
16 28 0.0222222
16 29 0.0217391
16 30 0.0212766
16 31 0.0208333
16 32 0.0204082
16 33 0.02
16 34 0.0196078
16 35 0.0192308
16 36 0.0188679
16 37 0.0185185
16 38 0.0181818
16 39 0.0178571
16 40 0.0175439
16 41 0.0172414
16 42 0.0169492
16 43 0.0166667
16 44 0.0163934
16 45 0.016129
16 46 0.015873
16 47 0.015625
16 48 0.0153846
16 49 0.0151515
16 50 0.0149254
16 51 0.0147059
16 52 0.0144928
16 53 0.0142857
16 54 0.0140845
16 55 0.0138889
16 56 0.0136986
16 57 0.0135135
16 58 0.0133333
16 59 0.0131579
16 60 0.012987
16 61 0.0128205
16 62 0.0126582
16 63 0.0125
16 64 0.0123457
16 65 0.0121951
16 66 0.0120482
16 67 0.0119048
16 68 0.0117647
16 69 0.0116279
16 70 0.0114943
16 71 0.0113636
16 72 0.011236
17 0 0.0555556
17 1 0.0526316
17 2 0.05
17 3 0.047619
17 4 0.0454545
17 5 0.0434783
17 6 0.0416667
17 7 0.04
17 8 0.0384615
17 9 0.037037
17 10 0.0357143
17 11 0.0344828
17 12 0.0333333
17 13 0.0322581
17 14 0.03125
17 15 0.030303
17 16 0.0294118
17 17 0.0285714
17 18 0.0277778
17 19 0.027027
17 20 0.0263158
17 21 0.025641
17 22 0.025
17 23 0.0243902
17 24 0.0238095
17 25 0.0232558
17 26 0.0227273
17 27 0.0222222
17 28 0.0217391
17 29 0.0212766
17 30 0.0208333
17 31 0.0204082
17 32 0.02
17 33 0.0196078
17 34 0.0192308
17 35 0.0188679
17 36 0.0185185
17 37 0.0181818
17 38 0.0178571
17 39 0.0175439
17 40 0.0172414
17 41 0.0169492
17 42 0.0166667
17 43 0.0163934
17 44 0.016129
17 45 0.015873
17 46 0.015625
17 47 0.0153846
17 48 0.0151515
17 49 0.0149254
17 50 0.0147059
17 51 0.0144928
17 52 0.0142857
17 53 0.0140845
17 54 0.0138889
17 55 0.0136986
17 56 0.0135135
17 57 0.0133333
17 58 0.0131579
17 59 0.012987
17 60 0.0128205
17 61 0.0126582
17 62 0.0125
17 63 0.0123457
17 64 0.0121951
17 65 0.0120482
17 66 0.0119048
17 67 0.0117647
17 68 0.0116279
17 69 0.0114943
17 70 0.0113636
17 71 0.011236
17 72 0.0111111
18 0 0.0526316
18 1 0.05
18 2 0.047619
18 3 0.0454545
18 4 0.0434783
18 5 0.0416667
18 6 0.04
18 7 0.0384615
18 8 0.037037
18 9 0.0357143
18 10 0.0344828
18 11 0.0333333
18 12 0.0322581
18 13 0.03125
18 14 0.030303
18 15 0.0294118
18 16 0.0285714
18 17 0.0277778
18 18 0.027027
18 19 0.0263158
18 20 0.025641
18 21 0.025
18 22 0.0243902
18 23 0.0238095
18 24 0.0232558
18 25 0.0227273
18 26 0.0222222
18 27 0.0217391
18 28 0.0212766
18 29 0.0208333
18 30 0.0204082
18 31 0.02
18 32 0.0196078
18 33 0.0192308
18 34 0.0188679
18 35 0.0185185
18 36 0.0181818
18 37 0.0178571
18 38 0.0175439
18 39 0.0172414
18 40 0.0169492
18 41 0.0166667
18 42 0.0163934
18 43 0.016129
18 44 0.015873
18 45 0.015625
18 46 0.0153846
18 47 0.0151515
18 48 0.0149254
18 49 0.0147059
18 50 0.0144928
18 51 0.0142857
18 52 0.0140845
18 53 0.0138889
18 54 0.0136986
18 55 0.0135135
18 56 0.0133333
18 57 0.0131579
18 58 0.012987
18 59 0.0128205
18 60 0.0126582
18 61 0.0125
18 62 0.0123457
18 63 0.0121951
18 64 0.0120482
18 65 0.0119048
18 66 0.0117647
18 67 0.0116279
18 68 0.0114943
18 69 0.0113636
18 70 0.011236
18 71 0.0111111
18 72 0.010989
19 0 0.05
19 1 0.047619
19 2 0.0454545
19 3 0.0434783
19 4 0.0416667
19 5 0.04
19 6 0.0384615
19 7 0.037037
19 8 0.0357143
19 9 0.0344828
19 10 0.0333333
19 11 0.0322581
19 12 0.03125
19 13 0.030303
19 14 0.0294118
19 15 0.0285714
19 16 0.0277778
19 17 0.027027
19 18 0.0263158
19 19 0.025641
19 20 0.025
19 21 0.0243902
19 22 0.0238095
19 23 0.0232558
19 24 0.0227273
19 25 0.0222222
19 26 0.0217391
19 27 0.0212766
19 28 0.0208333
19 29 0.0204082
19 30 0.02
19 31 0.0196078
19 32 0.0192308
19 33 0.0188679
19 34 0.0185185
19 35 0.0181818
19 36 0.0178571
19 37 0.0175439
19 38 0.0172414
19 39 0.0169492
19 40 0.0166667
19 41 0.0163934
19 42 0.016129
19 43 0.015873
19 44 0.015625
19 45 0.0153846
19 46 0.0151515
19 47 0.0149254
19 48 0.0147059
19 49 0.0144928
19 50 0.0142857
19 51 0.0140845
19 52 0.0138889
19 53 0.0136986
19 54 0.0135135
19 55 0.0133333
19 56 0.0131579
19 57 0.012987
19 58 0.0128205
19 59 0.0126582
19 60 0.0125
19 61 0.0123457
19 62 0.0121951
19 63 0.0120482
19 64 0.0119048
19 65 0.0117647
19 66 0.0116279
19 67 0.0114943
19 68 0.0113636
19 69 0.011236
19 70 0.0111111
19 71 0.010989
19 72 0.0108696
20 0 0.047619
20 1 0.0454545
20 2 0.0434783
20 3 0.0416667
20 4 0.04
20 5 0.0384615
20 6 0.037037
20 7 0.0357143
20 8 0.0344828
20 9 0.0333333
20 10 0.0322581
20 11 0.03125
20 12 0.030303
20 13 0.0294118
20 14 0.0285714
20 15 0.0277778
20 16 0.027027
20 17 0.0263158
20 18 0.025641
20 19 0.025
20 20 0.0243902
20 21 0.0238095
20 22 0.0232558
20 23 0.0227273
20 24 0.0222222
20 25 0.0217391
20 26 0.0212766
20 27 0.0208333
20 28 0.0204082
20 29 0.02
20 30 0.0196078
20 31 0.0192308
20 32 0.0188679
20 33 0.0185185
20 34 0.0181818
20 35 0.0178571
20 36 0.0175439
20 37 0.0172414
20 38 0.0169492
20 39 0.0166667
20 40 0.0163934
20 41 0.016129
20 42 0.015873
20 43 0.015625
20 44 0.0153846
20 45 0.0151515
20 46 0.0149254
20 47 0.0147059
20 48 0.0144928
20 49 0.0142857
20 50 0.0140845
20 51 0.0138889
20 52 0.0136986
20 53 0.0135135
20 54 0.0133333
20 55 0.0131579
20 56 0.012987
20 57 0.0128205
20 58 0.0126582
20 59 0.0125
20 60 0.0123457
20 61 0.0121951
20 62 0.0120482
20 63 0.0119048
20 64 0.0117647
20 65 0.0116279
20 66 0.0114943
20 67 0.0113636
20 68 0.011236
20 69 0.0111111
20 70 0.010989
20 71 0.0108696
20 72 0.0107527
21 0 0.0454545
21 1 0.0434783
21 2 0.0416667
21 3 0.04
21 4 0.0384615
21 5 0.037037
21 6 0.0357143
21 7 0.0344828
21 8 0.0333333
21 9 0.0322581
21 10 0.03125
21 11 0.030303
21 12 0.0294118
21 13 0.0285714
21 14 0.0277778
21 15 0.027027
21 16 0.0263158
21 17 0.025641
21 18 0.025
21 19 0.0243902
21 20 0.0238095
21 21 0.0232558
21 22 0.0227273
21 23 0.0222222
21 24 0.0217391
21 25 0.0212766
21 26 0.0208333
21 27 0.0204082
21 28 0.02
21 29 0.0196078
21 30 0.0192308
21 31 0.0188679
21 32 0.0185185
21 33 0.0181818
21 34 0.0178571
21 35 0.0175439
21 36 0.0172414
21 37 0.0169492
21 38 0.0166667
21 39 0.0163934
21 40 0.016129
21 41 0.015873
21 42 0.015625
21 43 0.0153846
21 44 0.0151515
21 45 0.0149254
21 46 0.0147059
21 47 0.0144928
21 48 0.0142857
21 49 0.0140845
21 50 0.0138889
21 51 0.0136986
21 52 0.0135135
21 53 0.0133333
21 54 0.0131579
21 55 0.012987
21 56 0.0128205
21 57 0.0126582
21 58 0.0125
21 59 0.0123457
21 60 0.0121951
21 61 0.0120482
21 62 0.0119048
21 63 0.0117647
21 64 0.0116279
21 65 0.0114943
21 66 0.0113636
21 67 0.011236
21 68 0.0111111
21 69 0.010989
21 70 0.0108696
21 71 0.0107527
21 72 0.0106383
22 0 0.0434783
22 1 0.0416667
22 2 0.04
22 3 0.0384615
22 4 0.037037
22 5 0.0357143
22 6 0.0344828
22 7 0.0333333
22 8 0.0322581
22 9 0.03125
22 10 0.030303
22 11 0.0294118
22 12 0.0285714
22 13 0.0277778
22 14 0.027027
22 15 0.0263158
22 16 0.025641
22 17 0.025
22 18 0.0243902
22 19 0.0238095
22 20 0.0232558
22 21 0.0227273
22 22 0.0222222
22 23 0.0217391
22 24 0.0212766
22 25 0.0208333
22 26 0.0204082
22 27 0.02
22 28 0.0196078
22 29 0.0192308
22 30 0.0188679
22 31 0.0185185
22 32 0.0181818
22 33 0.0178571
22 34 0.0175439
22 35 0.0172414
22 36 0.0169492
22 37 0.0166667
22 38 0.0163934
22 39 0.016129
22 40 0.015873
22 41 0.015625
22 42 0.0153846
22 43 0.0151515
22 44 0.0149254
22 45 0.0147059
22 46 0.0144928
22 47 0.0142857
22 48 0.0140845
22 49 0.0138889
22 50 0.0136986
22 51 0.0135135
22 52 0.0133333
22 53 0.0131579
22 54 0.012987
22 55 0.0128205
22 56 0.0126582
22 57 0.0125
22 58 0.0123457
22 59 0.0121951
22 60 0.0120482
22 61 0.0119048
22 62 0.0117647
22 63 0.0116279
22 64 0.0114943
22 65 0.0113636
22 66 0.011236
22 67 0.0111111
22 68 0.010989
22 69 0.0108696
22 70 0.0107527
22 71 0.0106383
22 72 0.0105263
23 0 0.0416667
23 1 0.04
23 2 0.0384615
23 3 0.037037
23 4 0.0357143
23 5 0.0344828
23 6 0.0333333
23 7 0.0322581
23 8 0.03125
23 9 0.030303
23 10 0.0294118
23 11 0.0285714
23 12 0.0277778
23 13 0.027027
23 14 0.0263158
23 15 0.025641
23 16 0.025
23 17 0.0243902
23 18 0.0238095
23 19 0.0232558
23 20 0.0227273
23 21 0.0222222
23 22 0.0217391
23 23 0.0212766
23 24 0.0208333
23 25 0.0204082
23 26 0.02
23 27 0.0196078
23 28 0.0192308
23 29 0.0188679
23 30 0.0185185
23 31 0.0181818
23 32 0.0178571
23 33 0.0175439
23 34 0.0172414
23 35 0.0169492
23 36 0.0166667
23 37 0.0163934
23 38 0.016129
23 39 0.015873
23 40 0.015625
23 41 0.0153846
23 42 0.0151515
23 43 0.0149254
23 44 0.0147059
23 45 0.0144928
23 46 0.0142857
23 47 0.0140845
23 48 0.0138889
23 49 0.0136986
23 50 0.0135135
23 51 0.0133333
23 52 0.0131579
23 53 0.012987
23 54 0.0128205
23 55 0.0126582
23 56 0.0125
23 57 0.0123457
23 58 0.0121951
23 59 0.0120482
23 60 0.0119048
23 61 0.0117647
23 62 0.0116279
23 63 0.0114943
23 64 0.0113636
23 65 0.011236
23 66 0.0111111
23 67 0.010989
23 68 0.0108696
23 69 0.0107527
23 70 0.0106383
23 71 0.0105263
23 72 0.0104167
24 0 0.04
24 1 0.0384615
24 2 0.037037
24 3 0.0357143
24 4 0.0344828
24 5 0.0333333
24 6 0.0322581
24 7 0.03125
24 8 0.030303
24 9 0.0294118
24 10 0.0285714
24 11 0.0277778
24 12 0.027027
24 13 0.0263158
24 14 0.025641
24 15 0.025
24 16 0.0243902
24 17 0.0238095
24 18 0.0232558
24 19 0.0227273
24 20 0.0222222
24 21 0.0217391
24 22 0.0212766
24 23 0.0208333
24 24 0.0204082
24 25 0.02
24 26 0.0196078
24 27 0.0192308
24 28 0.0188679
24 29 0.0185185
24 30 0.0181818
24 31 0.0178571
24 32 0.0175439
24 33 0.0172414
24 34 0.0169492
24 35 0.0166667
24 36 0.0163934
24 37 0.016129
24 38 0.015873
24 39 0.015625
24 40 0.0153846
24 41 0.0151515
24 42 0.0149254
24 43 0.0147059
24 44 0.0144928
24 45 0.0142857
24 46 0.0140845
24 47 0.0138889
24 48 0.0136986
24 49 0.0135135
24 50 0.0133333
24 51 0.0131579
24 52 0.012987
24 53 0.0128205
24 54 0.0126582
24 55 0.0125
24 56 0.0123457
24 57 0.0121951
24 58 0.0120482
24 59 0.0119048
24 60 0.0117647
24 61 0.0116279
24 62 0.0114943
24 63 0.0113636
24 64 0.011236
24 65 0.0111111
24 66 0.010989
24 67 0.0108696
24 68 0.0107527
24 69 0.0106383
24 70 0.0105263
24 71 0.0104167
24 72 0.0103093
25 0 0.0384615
25 1 0.037037
25 2 0.0357143
25 3 0.0344828
25 4 0.0333333
25 5 0.0322581
25 6 0.03125
25 7 0.030303
25 8 0.0294118
25 9 0.0285714
25 10 0.0277778
25 11 0.027027
25 12 0.0263158
25 13 0.025641
25 14 0.025
25 15 0.0243902
25 16 0.0238095
25 17 0.0232558
25 18 0.0227273
25 19 0.0222222
25 20 0.0217391
25 21 0.0212766
25 22 0.0208333
25 23 0.0204082
25 24 0.02
25 25 0.0196078
25 26 0.0192308
25 27 0.0188679
25 28 0.0185185
25 29 0.0181818
25 30 0.0178571
25 31 0.0175439
25 32 0.0172414
25 33 0.0169492
25 34 0.0166667
25 35 0.0163934
25 36 0.016129
25 37 0.015873
25 38 0.015625
25 39 0.0153846
25 40 0.0151515
25 41 0.0149254
25 42 0.0147059
25 43 0.0144928
25 44 0.0142857
25 45 0.0140845
25 46 0.0138889
25 47 0.0136986
25 48 0.0135135
25 49 0.0133333
25 50 0.0131579
25 51 0.012987
25 52 0.0128205
25 53 0.0126582
25 54 0.0125
25 55 0.0123457
25 56 0.0121951
25 57 0.0120482
25 58 0.0119048
25 59 0.0117647
25 60 0.0116279
25 61 0.0114943
25 62 0.0113636
25 63 0.011236
25 64 0.0111111
25 65 0.010989
25 66 0.0108696
25 67 0.0107527
25 68 0.0106383
25 69 0.0105263
25 70 0.0104167
25 71 0.0103093
25 72 0.0102041
26 0 0.037037
26 1 0.0357143
26 2 0.0344828
26 3 0.0333333
26 4 0.0322581
26 5 0.03125
26 6 0.030303
26 7 0.0294118
26 8 0.0285714
26 9 0.0277778
26 10 0.027027
26 11 0.0263158
26 12 0.025641
26 13 0.025
26 14 0.0243902
26 15 0.0238095
26 16 0.0232558
26 17 0.0227273
26 18 0.0222222
26 19 0.0217391
26 20 0.0212766
26 21 0.0208333
26 22 0.0204082
26 23 0.02
26 24 0.0196078
26 25 0.0192308
26 26 0.0188679
26 27 0.0185185
26 28 0.0181818
26 29 0.0178571
26 30 0.0175439
26 31 0.0172414
26 32 0.0169492
26 33 0.0166667
26 34 0.0163934
26 35 0.016129
26 36 0.015873
26 37 0.015625
26 38 0.0153846
26 39 0.0151515
26 40 0.0149254
26 41 0.0147059
26 42 0.0144928
26 43 0.0142857
26 44 0.0140845
26 45 0.0138889
26 46 0.0136986
26 47 0.0135135
26 48 0.0133333
26 49 0.0131579
26 50 0.012987
26 51 0.0128205
26 52 0.0126582
26 53 0.0125
26 54 0.0123457
26 55 0.0121951
26 56 0.0120482
26 57 0.0119048
26 58 0.0117647
26 59 0.0116279
26 60 0.0114943
26 61 0.0113636
26 62 0.011236
26 63 0.0111111
26 64 0.010989
26 65 0.0108696
26 66 0.0107527
26 67 0.0106383
26 68 0.0105263
26 69 0.0104167
26 70 0.0103093
26 71 0.0102041
26 72 0.010101
27 0 0.0357143
27 1 0.0344828
27 2 0.0333333
27 3 0.0322581
27 4 0.03125
27 5 0.030303
27 6 0.0294118
27 7 0.0285714
27 8 0.0277778
27 9 0.027027
27 10 0.0263158
27 11 0.025641
27 12 0.025
27 13 0.0243902
27 14 0.0238095
27 15 0.0232558
27 16 0.0227273
27 17 0.0222222
27 18 0.0217391
27 19 0.0212766
27 20 0.0208333
27 21 0.0204082
27 22 0.02
27 23 0.0196078
27 24 0.0192308
27 25 0.0188679
27 26 0.0185185
27 27 0.0181818
27 28 0.0178571
27 29 0.0175439
27 30 0.0172414
27 31 0.0169492
27 32 0.0166667
27 33 0.0163934
27 34 0.016129
27 35 0.015873
27 36 0.015625
27 37 0.0153846
27 38 0.0151515
27 39 0.0149254
27 40 0.0147059
27 41 0.0144928
27 42 0.0142857
27 43 0.0140845
27 44 0.0138889
27 45 0.0136986
27 46 0.0135135
27 47 0.0133333
27 48 0.0131579
27 49 0.012987
27 50 0.0128205
27 51 0.0126582
27 52 0.0125
27 53 0.0123457
27 54 0.0121951
27 55 0.0120482
27 56 0.0119048
27 57 0.0117647
27 58 0.0116279
27 59 0.0114943
27 60 0.0113636
27 61 0.011236
27 62 0.0111111
27 63 0.010989
27 64 0.0108696
27 65 0.0107527
27 66 0.0106383
27 67 0.0105263
27 68 0.0104167
27 69 0.0103093
27 70 0.0102041
27 71 0.010101
27 72 0.01
28 0 0.0344828
28 1 0.0333333
28 2 0.0322581
28 3 0.03125
28 4 0.030303
28 5 0.0294118
28 6 0.0285714
28 7 0.0277778
28 8 0.027027
28 9 0.0263158
28 10 0.025641
28 11 0.025
28 12 0.0243902
28 13 0.0238095
28 14 0.0232558
28 15 0.0227273
28 16 0.0222222
28 17 0.0217391
28 18 0.0212766
28 19 0.0208333
28 20 0.0204082
28 21 0.02
28 22 0.0196078
28 23 0.0192308
28 24 0.0188679
28 25 0.0185185
28 26 0.0181818
28 27 0.0178571
28 28 0.0175439
28 29 0.0172414
28 30 0.0169492
28 31 0.0166667
28 32 0.0163934
28 33 0.016129
28 34 0.015873
28 35 0.015625
28 36 0.0153846
28 37 0.0151515
28 38 0.0149254
28 39 0.0147059
28 40 0.0144928
28 41 0.0142857
28 42 0.0140845
28 43 0.0138889
28 44 0.0136986
28 45 0.0135135
28 46 0.0133333
28 47 0.0131579
28 48 0.012987
28 49 0.0128205
28 50 0.0126582
28 51 0.0125
28 52 0.0123457
28 53 0.0121951
28 54 0.0120482
28 55 0.0119048
28 56 0.0117647
28 57 0.0116279
28 58 0.0114943
28 59 0.0113636
28 60 0.011236
28 61 0.0111111
28 62 0.010989
28 63 0.0108696
28 64 0.0107527
28 65 0.0106383
28 66 0.0105263
28 67 0.0104167
28 68 0.0103093
28 69 0.0102041
28 70 0.010101
28 71 0.01
28 72 0.00990099
29 0 0.0333333
29 1 0.0322581
29 2 0.03125
29 3 0.030303
29 4 0.0294118
29 5 0.0285714
29 6 0.0277778
29 7 0.027027
29 8 0.0263158
29 9 0.025641
29 10 0.025
29 11 0.0243902
29 12 0.0238095
29 13 0.0232558
29 14 0.0227273
29 15 0.0222222
29 16 0.0217391
29 17 0.0212766
29 18 0.0208333
29 19 0.0204082
29 20 0.02
29 21 0.0196078
29 22 0.0192308
29 23 0.0188679
29 24 0.0185185
29 25 0.0181818
29 26 0.0178571
29 27 0.0175439
29 28 0.0172414
29 29 0.0169492
29 30 0.0166667
29 31 0.0163934
29 32 0.016129
29 33 0.015873
29 34 0.015625
29 35 0.0153846
29 36 0.0151515
29 37 0.0149254
29 38 0.0147059
29 39 0.0144928
29 40 0.0142857
29 41 0.0140845
29 42 0.0138889
29 43 0.0136986
29 44 0.0135135
29 45 0.0133333
29 46 0.0131579
29 47 0.012987
29 48 0.0128205
29 49 0.0126582
29 50 0.0125
29 51 0.0123457
29 52 0.0121951
29 53 0.0120482
29 54 0.0119048
29 55 0.0117647
29 56 0.0116279
29 57 0.0114943
29 58 0.0113636
29 59 0.011236
29 60 0.0111111
29 61 0.010989
29 62 0.0108696
29 63 0.0107527
29 64 0.0106383
29 65 0.0105263
29 66 0.0104167
29 67 0.0103093
29 68 0.0102041
29 69 0.010101
29 70 0.01
29 71 0.00990099
29 72 0.00980392
30 0 0.0322581
30 1 0.03125
30 2 0.030303
30 3 0.0294118
30 4 0.0285714
30 5 0.0277778
30 6 0.027027
30 7 0.0263158
30 8 0.025641
30 9 0.025
30 10 0.0243902
30 11 0.0238095
30 12 0.0232558
30 13 0.0227273
30 14 0.0222222
30 15 0.0217391
30 16 0.0212766
30 17 0.0208333
30 18 0.0204082
30 19 0.02
30 20 0.0196078
30 21 0.0192308
30 22 0.0188679
30 23 0.0185185
30 24 0.0181818
30 25 0.0178571
30 26 0.0175439
30 27 0.0172414
30 28 0.0169492
30 29 0.0166667
30 30 0.0163934
30 31 0.016129
30 32 0.015873
30 33 0.015625
30 34 0.0153846
30 35 0.0151515
30 36 0.0149254
30 37 0.0147059
30 38 0.0144928
30 39 0.0142857
30 40 0.0140845
30 41 0.0138889
30 42 0.0136986
30 43 0.0135135
30 44 0.0133333
30 45 0.0131579
30 46 0.012987
30 47 0.0128205
30 48 0.0126582
30 49 0.0125
30 50 0.0123457
30 51 0.0121951
30 52 0.0120482
30 53 0.0119048
30 54 0.0117647
30 55 0.0116279
30 56 0.0114943
30 57 0.0113636
30 58 0.011236
30 59 0.0111111
30 60 0.010989
30 61 0.0108696
30 62 0.0107527
30 63 0.0106383
30 64 0.0105263
30 65 0.0104167
30 66 0.0103093
30 67 0.0102041
30 68 0.010101
30 69 0.01
30 70 0.00990099
30 71 0.00980392
30 72 0.00970874
31 0 0.03125
31 1 0.030303
31 2 0.0294118
31 3 0.0285714
31 4 0.0277778
31 5 0.027027
31 6 0.0263158
31 7 0.025641
31 8 0.025
31 9 0.0243902
31 10 0.0238095
31 11 0.0232558
31 12 0.0227273
31 13 0.0222222
31 14 0.0217391
31 15 0.0212766
31 16 0.0208333
31 17 0.0204082
31 18 0.02
31 19 0.0196078
31 20 0.0192308
31 21 0.0188679
31 22 0.0185185
31 23 0.0181818
31 24 0.0178571
31 25 0.0175439
31 26 0.0172414
31 27 0.0169492
31 28 0.0166667
31 29 0.0163934
31 30 0.016129
31 31 0.015873
31 32 0.015625
31 33 0.0153846
31 34 0.0151515
31 35 0.0149254
31 36 0.0147059
31 37 0.0144928
31 38 0.0142857
31 39 0.0140845
31 40 0.0138889
31 41 0.0136986
31 42 0.0135135
31 43 0.0133333
31 44 0.0131579
31 45 0.012987
31 46 0.0128205
31 47 0.0126582
31 48 0.0125
31 49 0.0123457
31 50 0.0121951
31 51 0.0120482
31 52 0.0119048
31 53 0.0117647
31 54 0.0116279
31 55 0.0114943
31 56 0.0113636
31 57 0.011236
31 58 0.0111111
31 59 0.010989
31 60 0.0108696
31 61 0.0107527
31 62 0.0106383
31 63 0.0105263
31 64 0.0104167
31 65 0.0103093
31 66 0.0102041
31 67 0.010101
31 68 0.01
31 69 0.00990099
31 70 0.00980392
31 71 0.00970874
31 72 0.00961538
32 0 0.030303
32 1 0.0294118
32 2 0.0285714
32 3 0.0277778
32 4 0.027027
32 5 0.0263158
32 6 0.025641
32 7 0.025
32 8 0.0243902
32 9 0.0238095
32 10 0.0232558
32 11 0.0227273
32 12 0.0222222
32 13 0.0217391
32 14 0.0212766
32 15 0.0208333
32 16 0.0204082
32 17 0.02
32 18 0.0196078
32 19 0.0192308
32 20 0.0188679
32 21 0.0185185
32 22 0.0181818
32 23 0.0178571
32 24 0.0175439
32 25 0.0172414
32 26 0.0169492
32 27 0.0166667
32 28 0.0163934
32 29 0.016129
32 30 0.015873
32 31 0.015625
32 32 0.0153846
32 33 0.0151515
32 34 0.0149254
32 35 0.0147059
32 36 0.0144928
32 37 0.0142857
32 38 0.0140845
32 39 0.0138889
32 40 0.0136986
32 41 0.0135135
32 42 0.0133333
32 43 0.0131579
32 44 0.012987
32 45 0.0128205
32 46 0.0126582
32 47 0.0125
32 48 0.0123457
32 49 0.0121951
32 50 0.0120482
32 51 0.0119048
32 52 0.0117647
32 53 0.0116279
32 54 0.0114943
32 55 0.0113636
32 56 0.011236
32 57 0.0111111
32 58 0.010989
32 59 0.0108696
32 60 0.0107527
32 61 0.0106383
32 62 0.0105263
32 63 0.0104167
32 64 0.0103093
32 65 0.0102041
32 66 0.010101
32 67 0.01
32 68 0.00990099
32 69 0.00980392
32 70 0.00970874
32 71 0.00961538
32 72 0.00952381
33 0 0.0294118
33 1 0.0285714
33 2 0.0277778
33 3 0.027027
33 4 0.0263158
33 5 0.025641
33 6 0.025
33 7 0.0243902
33 8 0.0238095
33 9 0.0232558
33 10 0.0227273
33 11 0.0222222
33 12 0.0217391
33 13 0.0212766
33 14 0.0208333
33 15 0.0204082
33 16 0.02
33 17 0.0196078
33 18 0.0192308
33 19 0.0188679
33 20 0.0185185
33 21 0.0181818
33 22 0.0178571
33 23 0.0175439
33 24 0.0172414
33 25 0.0169492
33 26 0.0166667
33 27 0.0163934
33 28 0.016129
33 29 0.015873
33 30 0.015625
33 31 0.0153846
33 32 0.0151515
33 33 0.0149254
33 34 0.0147059
33 35 0.0144928
33 36 0.0142857
33 37 0.0140845
33 38 0.0138889
33 39 0.0136986
33 40 0.0135135
33 41 0.0133333
33 42 0.0131579
33 43 0.012987
33 44 0.0128205
33 45 0.0126582
33 46 0.0125
33 47 0.0123457
33 48 0.0121951
33 49 0.0120482
33 50 0.0119048
33 51 0.0117647
33 52 0.0116279
33 53 0.0114943
33 54 0.0113636
33 55 0.011236
33 56 0.0111111
33 57 0.010989
33 58 0.0108696
33 59 0.0107527
33 60 0.0106383
33 61 0.0105263
33 62 0.0104167
33 63 0.0103093
33 64 0.0102041
33 65 0.010101
33 66 0.01
33 67 0.00990099
33 68 0.00980392
33 69 0.00970874
33 70 0.00961538
33 71 0.00952381
33 72 0.00943396
34 0 0.0285714
34 1 0.0277778
34 2 0.027027
34 3 0.0263158
34 4 0.025641
34 5 0.025
34 6 0.0243902
34 7 0.0238095
34 8 0.0232558
34 9 0.0227273
34 10 0.0222222
34 11 0.0217391
34 12 0.0212766
34 13 0.0208333
34 14 0.0204082
34 15 0.02
34 16 0.0196078
34 17 0.0192308
34 18 0.0188679
34 19 0.0185185
34 20 0.0181818
34 21 0.0178571
34 22 0.0175439
34 23 0.0172414
34 24 0.0169492
34 25 0.0166667
34 26 0.0163934
34 27 0.016129
34 28 0.015873
34 29 0.015625
34 30 0.0153846
34 31 0.0151515
34 32 0.0149254
34 33 0.0147059
34 34 0.0144928
34 35 0.0142857
34 36 0.0140845
34 37 0.0138889
34 38 0.0136986
34 39 0.0135135
34 40 0.0133333
34 41 0.0131579
34 42 0.012987
34 43 0.0128205
34 44 0.0126582
34 45 0.0125
34 46 0.0123457
34 47 0.0121951
34 48 0.0120482
34 49 0.0119048
34 50 0.0117647
34 51 0.0116279
34 52 0.0114943
34 53 0.0113636
34 54 0.011236
34 55 0.0111111
34 56 0.010989
34 57 0.0108696
34 58 0.0107527
34 59 0.0106383
34 60 0.0105263
34 61 0.0104167
34 62 0.0103093
34 63 0.0102041
34 64 0.010101
34 65 0.01
34 66 0.00990099
34 67 0.00980392
34 68 0.00970874
34 69 0.00961538
34 70 0.00952381
34 71 0.00943396
34 72 0.00934579
35 0 0.0277778
35 1 0.027027
35 2 0.0263158
35 3 0.025641
35 4 0.025
35 5 0.0243902
35 6 0.0238095
35 7 0.0232558
35 8 0.0227273
35 9 0.0222222
35 10 0.0217391
35 11 0.0212766
35 12 0.0208333
35 13 0.0204082
35 14 0.02
35 15 0.0196078
35 16 0.0192308
35 17 0.0188679
35 18 0.0185185
35 19 0.0181818
35 20 0.0178571
35 21 0.0175439
35 22 0.0172414
35 23 0.0169492
35 24 0.0166667
35 25 0.0163934
35 26 0.016129
35 27 0.015873
35 28 0.015625
35 29 0.0153846
35 30 0.0151515
35 31 0.0149254
35 32 0.0147059
35 33 0.0144928
35 34 0.0142857
35 35 0.0140845
35 36 0.0138889
35 37 0.0136986
35 38 0.0135135
35 39 0.0133333
35 40 0.0131579
35 41 0.012987
35 42 0.0128205
35 43 0.0126582
35 44 0.0125
35 45 0.0123457
35 46 0.0121951
35 47 0.0120482
35 48 0.0119048
35 49 0.0117647
35 50 0.0116279
35 51 0.0114943
35 52 0.0113636
35 53 0.011236
35 54 0.0111111
35 55 0.010989
35 56 0.0108696
35 57 0.0107527
35 58 0.0106383
35 59 0.0105263
35 60 0.0104167
35 61 0.0103093
35 62 0.0102041
35 63 0.010101
35 64 0.01
35 65 0.00990099
35 66 0.00980392
35 67 0.00970874
35 68 0.00961538
35 69 0.00952381
35 70 0.00943396
35 71 0.00934579
35 72 0.00925926
36 0 0.027027
36 1 0.0263158
36 2 0.025641
36 3 0.025
36 4 0.0243902
36 5 0.0238095
36 6 0.0232558
36 7 0.0227273
36 8 0.0222222
36 9 0.0217391
36 10 0.0212766
36 11 0.0208333
36 12 0.0204082
36 13 0.02
36 14 0.0196078
36 15 0.0192308
36 16 0.0188679
36 17 0.0185185
36 18 0.0181818
36 19 0.0178571
36 20 0.0175439
36 21 0.0172414
36 22 0.0169492
36 23 0.0166667
36 24 0.0163934
36 25 0.016129
36 26 0.015873
36 27 0.015625
36 28 0.0153846
36 29 0.0151515
36 30 0.0149254
36 31 0.0147059
36 32 0.0144928
36 33 0.0142857
36 34 0.0140845
36 35 0.0138889
36 36 0.0136986
36 37 0.0135135
36 38 0.0133333
36 39 0.0131579
36 40 0.012987
36 41 0.0128205
36 42 0.0126582
36 43 0.0125
36 44 0.0123457
36 45 0.0121951
36 46 0.0120482
36 47 0.0119048
36 48 0.0117647
36 49 0.0116279
36 50 0.0114943
36 51 0.0113636
36 52 0.011236
36 53 0.0111111
36 54 0.010989
36 55 0.0108696
36 56 0.0107527
36 57 0.0106383
36 58 0.0105263
36 59 0.0104167
36 60 0.0103093
36 61 0.0102041
36 62 0.010101
36 63 0.01
36 64 0.00990099
36 65 0.00980392
36 66 0.00970874
36 67 0.00961538
36 68 0.00952381
36 69 0.00943396
36 70 0.00934579
36 71 0.00925926
36 72 0.00917431
37 0 0.0263158
37 1 0.025641
37 2 0.025
37 3 0.0243902
37 4 0.0238095
37 5 0.0232558
37 6 0.0227273
37 7 0.0222222
37 8 0.0217391
37 9 0.0212766
37 10 0.0208333
37 11 0.0204082
37 12 0.02
37 13 0.0196078
37 14 0.0192308
37 15 0.0188679
37 16 0.0185185
37 17 0.0181818
37 18 0.0178571
37 19 0.0175439
37 20 0.0172414
37 21 0.0169492
37 22 0.0166667
37 23 0.0163934
37 24 0.016129
37 25 0.015873
37 26 0.015625
37 27 0.0153846
37 28 0.0151515
37 29 0.0149254
37 30 0.0147059
37 31 0.0144928
37 32 0.0142857
37 33 0.0140845
37 34 0.0138889
37 35 0.0136986
37 36 0.0135135
37 37 0.0133333
37 38 0.0131579
37 39 0.012987
37 40 0.0128205
37 41 0.0126582
37 42 0.0125
37 43 0.0123457
37 44 0.0121951
37 45 0.0120482
37 46 0.0119048
37 47 0.0117647
37 48 0.0116279
37 49 0.0114943
37 50 0.0113636
37 51 0.011236
37 52 0.0111111
37 53 0.010989
37 54 0.0108696
37 55 0.0107527
37 56 0.0106383
37 57 0.0105263
37 58 0.0104167
37 59 0.0103093
37 60 0.0102041
37 61 0.010101
37 62 0.01
37 63 0.00990099
37 64 0.00980392
37 65 0.00970874
37 66 0.00961538
37 67 0.00952381
37 68 0.00943396
37 69 0.00934579
37 70 0.00925926
37 71 0.00917431
37 72 0.00909091
38 0 0.025641
38 1 0.025
38 2 0.0243902
38 3 0.0238095
38 4 0.0232558
38 5 0.0227273
38 6 0.0222222
38 7 0.0217391
38 8 0.0212766
38 9 0.0208333
38 10 0.0204082
38 11 0.02
38 12 0.0196078
38 13 0.0192308
38 14 0.0188679
38 15 0.0185185
38 16 0.0181818
38 17 0.0178571
38 18 0.0175439
38 19 0.0172414
38 20 0.0169492
38 21 0.0166667
38 22 0.0163934
38 23 0.016129
38 24 0.015873
38 25 0.015625
38 26 0.0153846
38 27 0.0151515
38 28 0.0149254
38 29 0.0147059
38 30 0.0144928
38 31 0.0142857
38 32 0.0140845
38 33 0.0138889
38 34 0.0136986
38 35 0.0135135
38 36 0.0133333
38 37 0.0131579
38 38 0.012987
38 39 0.0128205
38 40 0.0126582
38 41 0.0125
38 42 0.0123457
38 43 0.0121951
38 44 0.0120482
38 45 0.0119048
38 46 0.0117647
38 47 0.0116279
38 48 0.0114943
38 49 0.0113636
38 50 0.011236
38 51 0.0111111
38 52 0.010989
38 53 0.0108696
38 54 0.0107527
38 55 0.0106383
38 56 0.0105263
38 57 0.0104167
38 58 0.0103093
38 59 0.0102041
38 60 0.010101
38 61 0.01
38 62 0.00990099
38 63 0.00980392
38 64 0.00970874
38 65 0.00961538
38 66 0.00952381
38 67 0.00943396
38 68 0.00934579
38 69 0.00925926
38 70 0.00917431
38 71 0.00909091
38 72 0.00900901
39 0 0.025
39 1 0.0243902
39 2 0.0238095
39 3 0.0232558
39 4 0.0227273
39 5 0.0222222
39 6 0.0217391
39 7 0.0212766
39 8 0.0208333
39 9 0.0204082
39 10 0.02
39 11 0.0196078
39 12 0.0192308
39 13 0.0188679
39 14 0.0185185
39 15 0.0181818
39 16 0.0178571
39 17 0.0175439
39 18 0.0172414
39 19 0.0169492
39 20 0.0166667
39 21 0.0163934
39 22 0.016129
39 23 0.015873
39 24 0.015625
39 25 0.0153846
39 26 0.0151515
39 27 0.0149254
39 28 0.0147059
39 29 0.0144928
39 30 0.0142857
39 31 0.0140845
39 32 0.0138889
39 33 0.0136986
39 34 0.0135135
39 35 0.0133333
39 36 0.0131579
39 37 0.012987
39 38 0.0128205
39 39 0.0126582
39 40 0.0125
39 41 0.0123457
39 42 0.0121951
39 43 0.0120482
39 44 0.0119048
39 45 0.0117647
39 46 0.0116279
39 47 0.0114943
39 48 0.0113636
39 49 0.011236
39 50 0.0111111
39 51 0.010989
39 52 0.0108696
39 53 0.0107527
39 54 0.0106383
39 55 0.0105263
39 56 0.0104167
39 57 0.0103093
39 58 0.0102041
39 59 0.010101
39 60 0.01
39 61 0.00990099
39 62 0.00980392
39 63 0.00970874
39 64 0.00961538
39 65 0.00952381
39 66 0.00943396
39 67 0.00934579
39 68 0.00925926
39 69 0.00917431
39 70 0.00909091
39 71 0.00900901
39 72 0.00892857
40 0 0.0243902
40 1 0.0238095
40 2 0.0232558
40 3 0.0227273
40 4 0.0222222
40 5 0.0217391
40 6 0.0212766
40 7 0.0208333
40 8 0.0204082
40 9 0.02
40 10 0.0196078
40 11 0.0192308
40 12 0.0188679
40 13 0.0185185
40 14 0.0181818
40 15 0.0178571
40 16 0.0175439
40 17 0.0172414
40 18 0.0169492
40 19 0.0166667
40 20 0.0163934
40 21 0.016129
40 22 0.015873
40 23 0.015625
40 24 0.0153846
40 25 0.0151515
40 26 0.0149254
40 27 0.0147059
40 28 0.0144928
40 29 0.0142857
40 30 0.0140845
40 31 0.0138889
40 32 0.0136986
40 33 0.0135135
40 34 0.0133333
40 35 0.0131579
40 36 0.012987
40 37 0.0128205
40 38 0.0126582
40 39 0.0125
40 40 0.0123457
40 41 0.0121951
40 42 0.0120482
40 43 0.0119048
40 44 0.0117647
40 45 0.0116279
40 46 0.0114943
40 47 0.0113636
40 48 0.011236
40 49 0.0111111
40 50 0.010989
40 51 0.0108696
40 52 0.0107527
40 53 0.0106383
40 54 0.0105263
40 55 0.0104167
40 56 0.0103093
40 57 0.0102041
40 58 0.010101
40 59 0.01
40 60 0.00990099
40 61 0.00980392
40 62 0.00970874
40 63 0.00961538
40 64 0.00952381
40 65 0.00943396
40 66 0.00934579
40 67 0.00925926
40 68 0.00917431
40 69 0.00909091
40 70 0.00900901
40 71 0.00892857
40 72 0.00884956
41 0 0.0238095
41 1 0.0232558
41 2 0.0227273
41 3 0.0222222
41 4 0.0217391
41 5 0.0212766
41 6 0.0208333
41 7 0.0204082
41 8 0.02
41 9 0.0196078
41 10 0.0192308
41 11 0.0188679
41 12 0.0185185
41 13 0.0181818
41 14 0.0178571
41 15 0.0175439
41 16 0.0172414
41 17 0.0169492
41 18 0.0166667
41 19 0.0163934
41 20 0.016129
41 21 0.015873
41 22 0.015625
41 23 0.0153846
41 24 0.0151515
41 25 0.0149254
41 26 0.0147059
41 27 0.0144928
41 28 0.0142857
41 29 0.0140845
41 30 0.0138889
41 31 0.0136986
41 32 0.0135135
41 33 0.0133333
41 34 0.0131579
41 35 0.012987
41 36 0.0128205
41 37 0.0126582
41 38 0.0125
41 39 0.0123457
41 40 0.0121951
41 41 0.0120482
41 42 0.0119048
41 43 0.0117647
41 44 0.0116279
41 45 0.0114943
41 46 0.0113636
41 47 0.011236
41 48 0.0111111
41 49 0.010989
41 50 0.0108696
41 51 0.0107527
41 52 0.0106383
41 53 0.0105263
41 54 0.0104167
41 55 0.0103093
41 56 0.0102041
41 57 0.010101
41 58 0.01
41 59 0.00990099
41 60 0.00980392
41 61 0.00970874
41 62 0.00961538
41 63 0.00952381
41 64 0.00943396
41 65 0.00934579
41 66 0.00925926
41 67 0.00917431
41 68 0.00909091
41 69 0.00900901
41 70 0.00892857
41 71 0.00884956
41 72 0.00877193
42 0 0.0232558
42 1 0.0227273
42 2 0.0222222
42 3 0.0217391
42 4 0.0212766
42 5 0.0208333
42 6 0.0204082
42 7 0.02
42 8 0.0196078
42 9 0.0192308
42 10 0.0188679
42 11 0.0185185
42 12 0.0181818
42 13 0.0178571
42 14 0.0175439
42 15 0.0172414
42 16 0.0169492
42 17 0.0166667
42 18 0.0163934
42 19 0.016129
42 20 0.015873
42 21 0.015625
42 22 0.0153846
42 23 0.0151515
42 24 0.0149254
42 25 0.0147059
42 26 0.0144928
42 27 0.0142857
42 28 0.0140845
42 29 0.0138889
42 30 0.0136986
42 31 0.0135135
42 32 0.0133333
42 33 0.0131579
42 34 0.012987
42 35 0.0128205
42 36 0.0126582
42 37 0.0125
42 38 0.0123457
42 39 0.0121951
42 40 0.0120482
42 41 0.0119048
42 42 0.0117647
42 43 0.0116279
42 44 0.0114943
42 45 0.0113636
42 46 0.011236
42 47 0.0111111
42 48 0.010989
42 49 0.0108696
42 50 0.0107527
42 51 0.0106383
42 52 0.0105263
42 53 0.0104167
42 54 0.0103093
42 55 0.0102041
42 56 0.010101
42 57 0.01
42 58 0.00990099
42 59 0.00980392
42 60 0.00970874
42 61 0.00961538
42 62 0.00952381
42 63 0.00943396
42 64 0.00934579
42 65 0.00925926
42 66 0.00917431
42 67 0.00909091
42 68 0.00900901
42 69 0.00892857
42 70 0.00884956
42 71 0.00877193
42 72 0.00869565
43 0 0.0227273
43 1 0.0222222
43 2 0.0217391
43 3 0.0212766
43 4 0.0208333
43 5 0.0204082
43 6 0.02
43 7 0.0196078
43 8 0.0192308
43 9 0.0188679
43 10 0.0185185
43 11 0.0181818
43 12 0.0178571
43 13 0.0175439
43 14 0.0172414
43 15 0.0169492
43 16 0.0166667
43 17 0.0163934
43 18 0.016129
43 19 0.015873
43 20 0.015625
43 21 0.0153846
43 22 0.0151515
43 23 0.0149254
43 24 0.0147059
43 25 0.0144928
43 26 0.0142857
43 27 0.0140845
43 28 0.0138889
43 29 0.0136986
43 30 0.0135135
43 31 0.0133333
43 32 0.0131579
43 33 0.012987
43 34 0.0128205
43 35 0.0126582
43 36 0.0125
43 37 0.0123457
43 38 0.0121951
43 39 0.0120482
43 40 0.0119048
43 41 0.0117647
43 42 0.0116279
43 43 0.0114943
43 44 0.0113636
43 45 0.011236
43 46 0.0111111
43 47 0.010989
43 48 0.0108696
43 49 0.0107527
43 50 0.0106383
43 51 0.0105263
43 52 0.0104167
43 53 0.0103093
43 54 0.0102041
43 55 0.010101
43 56 0.01
43 57 0.00990099
43 58 0.00980392
43 59 0.00970874
43 60 0.00961538
43 61 0.00952381
43 62 0.00943396
43 63 0.00934579
43 64 0.00925926
43 65 0.00917431
43 66 0.00909091
43 67 0.00900901
43 68 0.00892857
43 69 0.00884956
43 70 0.00877193
43 71 0.00869565
43 72 0.00862069
44 0 0.0222222
44 1 0.0217391
44 2 0.0212766
44 3 0.0208333
44 4 0.0204082
44 5 0.02
44 6 0.0196078
44 7 0.0192308
44 8 0.0188679
44 9 0.0185185
44 10 0.0181818
44 11 0.0178571
44 12 0.0175439
44 13 0.0172414
44 14 0.0169492
44 15 0.0166667
44 16 0.0163934
44 17 0.016129
44 18 0.015873
44 19 0.015625
44 20 0.0153846
44 21 0.0151515
44 22 0.0149254
44 23 0.0147059
44 24 0.0144928
44 25 0.0142857
44 26 0.0140845
44 27 0.0138889
44 28 0.0136986
44 29 0.0135135
44 30 0.0133333
44 31 0.0131579
44 32 0.012987
44 33 0.0128205
44 34 0.0126582
44 35 0.0125
44 36 0.0123457
44 37 0.0121951
44 38 0.0120482
44 39 0.0119048
44 40 0.0117647
44 41 0.0116279
44 42 0.0114943
44 43 0.0113636
44 44 0.011236
44 45 0.0111111
44 46 0.010989
44 47 0.0108696
44 48 0.0107527
44 49 0.0106383
44 50 0.0105263
44 51 0.0104167
44 52 0.0103093
44 53 0.0102041
44 54 0.010101
44 55 0.01
44 56 0.00990099
44 57 0.00980392
44 58 0.00970874
44 59 0.00961538
44 60 0.00952381
44 61 0.00943396
44 62 0.00934579
44 63 0.00925926
44 64 0.00917431
44 65 0.00909091
44 66 0.00900901
44 67 0.00892857
44 68 0.00884956
44 69 0.00877193
44 70 0.00869565
44 71 0.00862069
44 72 0.00854701
45 0 0.0217391
45 1 0.0212766
45 2 0.0208333
45 3 0.0204082
45 4 0.02
45 5 0.0196078
45 6 0.0192308
45 7 0.0188679
45 8 0.0185185
45 9 0.0181818
45 10 0.0178571
45 11 0.0175439
45 12 0.0172414
45 13 0.0169492
45 14 0.0166667
45 15 0.0163934
45 16 0.016129
45 17 0.015873
45 18 0.015625
45 19 0.0153846
45 20 0.0151515
45 21 0.0149254
45 22 0.0147059
45 23 0.0144928
45 24 0.0142857
45 25 0.0140845
45 26 0.0138889
45 27 0.0136986
45 28 0.0135135
45 29 0.0133333
45 30 0.0131579
45 31 0.012987
45 32 0.0128205
45 33 0.0126582
45 34 0.0125
45 35 0.0123457
45 36 0.0121951
45 37 0.0120482
45 38 0.0119048
45 39 0.0117647
45 40 0.0116279
45 41 0.0114943
45 42 0.0113636
45 43 0.011236
45 44 0.0111111
45 45 0.010989
45 46 0.0108696
45 47 0.0107527
45 48 0.0106383
45 49 0.0105263
45 50 0.0104167
45 51 0.0103093
45 52 0.0102041
45 53 0.010101
45 54 0.01
45 55 0.00990099
45 56 0.00980392
45 57 0.00970874
45 58 0.00961538
45 59 0.00952381
45 60 0.00943396
45 61 0.00934579
45 62 0.00925926
45 63 0.00917431
45 64 0.00909091
45 65 0.00900901
45 66 0.00892857
45 67 0.00884956
45 68 0.00877193
45 69 0.00869565
45 70 0.00862069
45 71 0.00854701
45 72 0.00847458
46 0 0.0212766
46 1 0.0208333
46 2 0.0204082
46 3 0.02
46 4 0.0196078
46 5 0.0192308
46 6 0.0188679
46 7 0.0185185
46 8 0.0181818
46 9 0.0178571
46 10 0.0175439
46 11 0.0172414
46 12 0.0169492
46 13 0.0166667
46 14 0.0163934
46 15 0.016129
46 16 0.015873
46 17 0.015625
46 18 0.0153846
46 19 0.0151515
46 20 0.0149254
46 21 0.0147059
46 22 0.0144928
46 23 0.0142857
46 24 0.0140845
46 25 0.0138889
46 26 0.0136986
46 27 0.0135135
46 28 0.0133333
46 29 0.0131579
46 30 0.012987
46 31 0.0128205
46 32 0.0126582
46 33 0.0125
46 34 0.0123457
46 35 0.0121951
46 36 0.0120482
46 37 0.0119048
46 38 0.0117647
46 39 0.0116279
46 40 0.0114943
46 41 0.0113636
46 42 0.011236
46 43 0.0111111
46 44 0.010989
46 45 0.0108696
46 46 0.0107527
46 47 0.0106383
46 48 0.0105263
46 49 0.0104167
46 50 0.0103093
46 51 0.0102041
46 52 0.010101
46 53 0.01
46 54 0.00990099
46 55 0.00980392
46 56 0.00970874
46 57 0.00961538
46 58 0.00952381
46 59 0.00943396
46 60 0.00934579
46 61 0.00925926
46 62 0.00917431
46 63 0.00909091
46 64 0.00900901
46 65 0.00892857
46 66 0.00884956
46 67 0.00877193
46 68 0.00869565
46 69 0.00862069
46 70 0.00854701
46 71 0.00847458
46 72 0.00840336
47 0 0.0208333
47 1 0.0204082
47 2 0.02
47 3 0.0196078
47 4 0.0192308
47 5 0.0188679
47 6 0.0185185
47 7 0.0181818
47 8 0.0178571
47 9 0.0175439
47 10 0.0172414
47 11 0.0169492
47 12 0.0166667
47 13 0.0163934
47 14 0.016129
47 15 0.015873
47 16 0.015625
47 17 0.0153846
47 18 0.0151515
47 19 0.0149254
47 20 0.0147059
47 21 0.0144928
47 22 0.0142857
47 23 0.0140845
47 24 0.0138889
47 25 0.0136986
47 26 0.0135135
47 27 0.0133333
47 28 0.0131579
47 29 0.012987
47 30 0.0128205
47 31 0.0126582
47 32 0.0125
47 33 0.0123457
47 34 0.0121951
47 35 0.0120482
47 36 0.0119048
47 37 0.0117647
47 38 0.0116279
47 39 0.0114943
47 40 0.0113636
47 41 0.011236
47 42 0.0111111
47 43 0.010989
47 44 0.0108696
47 45 0.0107527
47 46 0.0106383
47 47 0.0105263
47 48 0.0104167
47 49 0.0103093
47 50 0.0102041
47 51 0.010101
47 52 0.01
47 53 0.00990099
47 54 0.00980392
47 55 0.00970874
47 56 0.00961538
47 57 0.00952381
47 58 0.00943396
47 59 0.00934579
47 60 0.00925926
47 61 0.00917431
47 62 0.00909091
47 63 0.00900901
47 64 0.00892857
47 65 0.00884956
47 66 0.00877193
47 67 0.00869565
47 68 0.00862069
47 69 0.00854701
47 70 0.00847458
47 71 0.00840336
47 72 0.00833333
48 0 0.0204082
48 1 0.02
48 2 0.0196078
48 3 0.0192308
48 4 0.0188679
48 5 0.0185185
48 6 0.0181818
48 7 0.0178571
48 8 0.0175439
48 9 0.0172414
48 10 0.0169492
48 11 0.0166667
48 12 0.0163934
48 13 0.016129
48 14 0.015873
48 15 0.015625
48 16 0.0153846
48 17 0.0151515
48 18 0.0149254
48 19 0.0147059
48 20 0.0144928
48 21 0.0142857
48 22 0.0140845
48 23 0.0138889
48 24 0.0136986
48 25 0.0135135
48 26 0.0133333
48 27 0.0131579
48 28 0.012987
48 29 0.0128205
48 30 0.0126582
48 31 0.0125
48 32 0.0123457
48 33 0.0121951
48 34 0.0120482
48 35 0.0119048
48 36 0.0117647
48 37 0.0116279
48 38 0.0114943
48 39 0.0113636
48 40 0.011236
48 41 0.0111111
48 42 0.010989
48 43 0.0108696
48 44 0.0107527
48 45 0.0106383
48 46 0.0105263
48 47 0.0104167
48 48 0.0103093
48 49 0.0102041
48 50 0.010101
48 51 0.01
48 52 0.00990099
48 53 0.00980392
48 54 0.00970874
48 55 0.00961538
48 56 0.00952381
48 57 0.00943396
48 58 0.00934579
48 59 0.00925926
48 60 0.00917431
48 61 0.00909091
48 62 0.00900901
48 63 0.00892857
48 64 0.00884956
48 65 0.00877193
48 66 0.00869565
48 67 0.00862069
48 68 0.00854701
48 69 0.00847458
48 70 0.00840336
48 71 0.00833333
48 72 0.00826446
49 0 0.02
49 1 0.0196078
49 2 0.0192308
49 3 0.0188679
49 4 0.0185185
49 5 0.0181818
49 6 0.0178571
49 7 0.0175439
49 8 0.0172414
49 9 0.0169492
49 10 0.0166667
49 11 0.0163934
49 12 0.016129
49 13 0.015873
49 14 0.015625
49 15 0.0153846
49 16 0.0151515
49 17 0.0149254
49 18 0.0147059
49 19 0.0144928
49 20 0.0142857
49 21 0.0140845
49 22 0.0138889
49 23 0.0136986
49 24 0.0135135
49 25 0.0133333
49 26 0.0131579
49 27 0.012987
49 28 0.0128205
49 29 0.0126582
49 30 0.0125
49 31 0.0123457
49 32 0.0121951
49 33 0.0120482
49 34 0.0119048
49 35 0.0117647
49 36 0.0116279
49 37 0.0114943
49 38 0.0113636
49 39 0.011236
49 40 0.0111111
49 41 0.010989
49 42 0.0108696
49 43 0.0107527
49 44 0.0106383
49 45 0.0105263
49 46 0.0104167
49 47 0.0103093
49 48 0.0102041
49 49 0.010101
49 50 0.01
49 51 0.00990099
49 52 0.00980392
49 53 0.00970874
49 54 0.00961538
49 55 0.00952381
49 56 0.00943396
49 57 0.00934579
49 58 0.00925926
49 59 0.00917431
49 60 0.00909091
49 61 0.00900901
49 62 0.00892857
49 63 0.00884956
49 64 0.00877193
49 65 0.00869565
49 66 0.00862069
49 67 0.00854701
49 68 0.00847458
49 69 0.00840336
49 70 0.00833333
49 71 0.00826446
49 72 0.00819672
50 0 0.0196078
50 1 0.0192308
50 2 0.0188679
50 3 0.0185185
50 4 0.0181818
50 5 0.0178571
50 6 0.0175439
50 7 0.0172414
50 8 0.0169492
50 9 0.0166667
50 10 0.0163934
50 11 0.016129
50 12 0.015873
50 13 0.015625
50 14 0.0153846
50 15 0.0151515
50 16 0.0149254
50 17 0.0147059
50 18 0.0144928
50 19 0.0142857
50 20 0.0140845
50 21 0.0138889
50 22 0.0136986
50 23 0.0135135
50 24 0.0133333
50 25 0.0131579
50 26 0.012987
50 27 0.0128205
50 28 0.0126582
50 29 0.0125
50 30 0.0123457
50 31 0.0121951
50 32 0.0120482
50 33 0.0119048
50 34 0.0117647
50 35 0.0116279
50 36 0.0114943
50 37 0.0113636
50 38 0.011236
50 39 0.0111111
50 40 0.010989
50 41 0.0108696
50 42 0.0107527
50 43 0.0106383
50 44 0.0105263
50 45 0.0104167
50 46 0.0103093
50 47 0.0102041
50 48 0.010101
50 49 0.01
50 50 0.00990099
50 51 0.00980392
50 52 0.00970874
50 53 0.00961538
50 54 0.00952381
50 55 0.00943396
50 56 0.00934579
50 57 0.00925926
50 58 0.00917431
50 59 0.00909091
50 60 0.00900901
50 61 0.00892857
50 62 0.00884956
50 63 0.00877193
50 64 0.00869565
50 65 0.00862069
50 66 0.00854701
50 67 0.00847458
50 68 0.00840336
50 69 0.00833333
50 70 0.00826446
50 71 0.00819672
50 72 0.00813008
51 0 0.0192308
51 1 0.0188679
51 2 0.0185185
51 3 0.0181818
51 4 0.0178571
51 5 0.0175439
51 6 0.0172414
51 7 0.0169492
51 8 0.0166667
51 9 0.0163934
51 10 0.016129
51 11 0.015873
51 12 0.015625
51 13 0.0153846
51 14 0.0151515
51 15 0.0149254
51 16 0.0147059
51 17 0.0144928
51 18 0.0142857
51 19 0.0140845
51 20 0.0138889
51 21 0.0136986
51 22 0.0135135
51 23 0.0133333
51 24 0.0131579
51 25 0.012987
51 26 0.0128205
51 27 0.0126582
51 28 0.0125
51 29 0.0123457
51 30 0.0121951
51 31 0.0120482
51 32 0.0119048
51 33 0.0117647
51 34 0.0116279
51 35 0.0114943
51 36 0.0113636
51 37 0.011236
51 38 0.0111111
51 39 0.010989
51 40 0.0108696
51 41 0.0107527
51 42 0.0106383
51 43 0.0105263
51 44 0.0104167
51 45 0.0103093
51 46 0.0102041
51 47 0.010101
51 48 0.01
51 49 0.00990099
51 50 0.00980392
51 51 0.00970874
51 52 0.00961538
51 53 0.00952381
51 54 0.00943396
51 55 0.00934579
51 56 0.00925926
51 57 0.00917431
51 58 0.00909091
51 59 0.00900901
51 60 0.00892857
51 61 0.00884956
51 62 0.00877193
51 63 0.00869565
51 64 0.00862069
51 65 0.00854701
51 66 0.00847458
51 67 0.00840336
51 68 0.00833333
51 69 0.00826446
51 70 0.00819672
51 71 0.00813008
51 72 0.00806452
52 0 0.0188679
52 1 0.0185185
52 2 0.0181818
52 3 0.0178571
52 4 0.0175439
52 5 0.0172414
52 6 0.0169492
52 7 0.0166667
52 8 0.0163934
52 9 0.016129
52 10 0.015873
52 11 0.015625
52 12 0.0153846
52 13 0.0151515
52 14 0.0149254
52 15 0.0147059
52 16 0.0144928
52 17 0.0142857
52 18 0.0140845
52 19 0.0138889
52 20 0.0136986
52 21 0.0135135
52 22 0.0133333
52 23 0.0131579
52 24 0.012987
52 25 0.0128205
52 26 0.0126582
52 27 0.0125
52 28 0.0123457
52 29 0.0121951
52 30 0.0120482
52 31 0.0119048
52 32 0.0117647
52 33 0.0116279
52 34 0.0114943
52 35 0.0113636
52 36 0.011236
52 37 0.0111111
52 38 0.010989
52 39 0.0108696
52 40 0.0107527
52 41 0.0106383
52 42 0.0105263
52 43 0.0104167
52 44 0.0103093
52 45 0.0102041
52 46 0.010101
52 47 0.01
52 48 0.00990099
52 49 0.00980392
52 50 0.00970874
52 51 0.00961538
52 52 0.00952381
52 53 0.00943396
52 54 0.00934579
52 55 0.00925926
52 56 0.00917431
52 57 0.00909091
52 58 0.00900901
52 59 0.00892857
52 60 0.00884956
52 61 0.00877193
52 62 0.00869565
52 63 0.00862069
52 64 0.00854701
52 65 0.00847458
52 66 0.00840336
52 67 0.00833333
52 68 0.00826446
52 69 0.00819672
52 70 0.00813008
52 71 0.00806452
52 72 0.008
53 0 0.0185185
53 1 0.0181818
53 2 0.0178571
53 3 0.0175439
53 4 0.0172414
53 5 0.0169492
53 6 0.0166667
53 7 0.0163934
53 8 0.016129
53 9 0.015873
53 10 0.015625
53 11 0.0153846
53 12 0.0151515
53 13 0.0149254
53 14 0.0147059
53 15 0.0144928
53 16 0.0142857
53 17 0.0140845
53 18 0.0138889
53 19 0.0136986
53 20 0.0135135
53 21 0.0133333
53 22 0.0131579
53 23 0.012987
53 24 0.0128205
53 25 0.0126582
53 26 0.0125
53 27 0.0123457
53 28 0.0121951
53 29 0.0120482
53 30 0.0119048
53 31 0.0117647
53 32 0.0116279
53 33 0.0114943
53 34 0.0113636
53 35 0.011236
53 36 0.0111111
53 37 0.010989
53 38 0.0108696
53 39 0.0107527
53 40 0.0106383
53 41 0.0105263
53 42 0.0104167
53 43 0.0103093
53 44 0.0102041
53 45 0.010101
53 46 0.01
53 47 0.00990099
53 48 0.00980392
53 49 0.00970874
53 50 0.00961538
53 51 0.00952381
53 52 0.00943396
53 53 0.00934579
53 54 0.00925926
53 55 0.00917431
53 56 0.00909091
53 57 0.00900901
53 58 0.00892857
53 59 0.00884956
53 60 0.00877193
53 61 0.00869565
53 62 0.00862069
53 63 0.00854701
53 64 0.00847458
53 65 0.00840336
53 66 0.00833333
53 67 0.00826446
53 68 0.00819672
53 69 0.00813008
53 70 0.00806452
53 71 0.008
53 72 0.00793651
54 0 0.0181818
54 1 0.0178571
54 2 0.0175439
54 3 0.0172414
54 4 0.0169492
54 5 0.0166667
54 6 0.0163934
54 7 0.016129
54 8 0.015873
54 9 0.015625
54 10 0.0153846
54 11 0.0151515
54 12 0.0149254
54 13 0.0147059
54 14 0.0144928
54 15 0.0142857
54 16 0.0140845
54 17 0.0138889
54 18 0.0136986
54 19 0.0135135
54 20 0.0133333
54 21 0.0131579
54 22 0.012987
54 23 0.0128205
54 24 0.0126582
54 25 0.0125
54 26 0.0123457
54 27 0.0121951
54 28 0.0120482
54 29 0.0119048
54 30 0.0117647
54 31 0.0116279
54 32 0.0114943
54 33 0.0113636
54 34 0.011236
54 35 0.0111111
54 36 0.010989
54 37 0.0108696
54 38 0.0107527
54 39 0.0106383
54 40 0.0105263
54 41 0.0104167
54 42 0.0103093
54 43 0.0102041
54 44 0.010101
54 45 0.01
54 46 0.00990099
54 47 0.00980392
54 48 0.00970874
54 49 0.00961538
54 50 0.00952381
54 51 0.00943396
54 52 0.00934579
54 53 0.00925926
54 54 0.00917431
54 55 0.00909091
54 56 0.00900901
54 57 0.00892857
54 58 0.00884956
54 59 0.00877193
54 60 0.00869565
54 61 0.00862069
54 62 0.00854701
54 63 0.00847458
54 64 0.00840336
54 65 0.00833333
54 66 0.00826446
54 67 0.00819672
54 68 0.00813008
54 69 0.00806452
54 70 0.008
54 71 0.00793651
54 72 0.00787402
55 0 0.0178571
55 1 0.0175439
55 2 0.0172414
55 3 0.0169492
55 4 0.0166667
55 5 0.0163934
55 6 0.016129
55 7 0.015873
55 8 0.015625
55 9 0.0153846
55 10 0.0151515
55 11 0.0149254
55 12 0.0147059
55 13 0.0144928
55 14 0.0142857
55 15 0.0140845
55 16 0.0138889
55 17 0.0136986
55 18 0.0135135
55 19 0.0133333
55 20 0.0131579
55 21 0.012987
55 22 0.0128205
55 23 0.0126582
55 24 0.0125
55 25 0.0123457
55 26 0.0121951
55 27 0.0120482
55 28 0.0119048
55 29 0.0117647
55 30 0.0116279
55 31 0.0114943
55 32 0.0113636
55 33 0.011236
55 34 0.0111111
55 35 0.010989
55 36 0.0108696
55 37 0.0107527
55 38 0.0106383
55 39 0.0105263
55 40 0.0104167
55 41 0.0103093
55 42 0.0102041
55 43 0.010101
55 44 0.01
55 45 0.00990099
55 46 0.00980392
55 47 0.00970874
55 48 0.00961538
55 49 0.00952381
55 50 0.00943396
55 51 0.00934579
55 52 0.00925926
55 53 0.00917431
55 54 0.00909091
55 55 0.00900901
55 56 0.00892857
55 57 0.00884956
55 58 0.00877193
55 59 0.00869565
55 60 0.00862069
55 61 0.00854701
55 62 0.00847458
55 63 0.00840336
55 64 0.00833333
55 65 0.00826446
55 66 0.00819672
55 67 0.00813008
55 68 0.00806452
55 69 0.008
55 70 0.00793651
55 71 0.00787402
55 72 0.0078125
56 0 0.0175439
56 1 0.0172414
56 2 0.0169492
56 3 0.0166667
56 4 0.0163934
56 5 0.016129
56 6 0.015873
56 7 0.015625
56 8 0.0153846
56 9 0.0151515
56 10 0.0149254
56 11 0.0147059
56 12 0.0144928
56 13 0.0142857
56 14 0.0140845
56 15 0.0138889
56 16 0.0136986
56 17 0.0135135
56 18 0.0133333
56 19 0.0131579
56 20 0.012987
56 21 0.0128205
56 22 0.0126582
56 23 0.0125
56 24 0.0123457
56 25 0.0121951
56 26 0.0120482
56 27 0.0119048
56 28 0.0117647
56 29 0.0116279
56 30 0.0114943
56 31 0.0113636
56 32 0.011236
56 33 0.0111111
56 34 0.010989
56 35 0.0108696
56 36 0.0107527
56 37 0.0106383
56 38 0.0105263
56 39 0.0104167
56 40 0.0103093
56 41 0.0102041
56 42 0.010101
56 43 0.01
56 44 0.00990099
56 45 0.00980392
56 46 0.00970874
56 47 0.00961538
56 48 0.00952381
56 49 0.00943396
56 50 0.00934579
56 51 0.00925926
56 52 0.00917431
56 53 0.00909091
56 54 0.00900901
56 55 0.00892857
56 56 0.00884956
56 57 0.00877193
56 58 0.00869565
56 59 0.00862069
56 60 0.00854701
56 61 0.00847458
56 62 0.00840336
56 63 0.00833333
56 64 0.00826446
56 65 0.00819672
56 66 0.00813008
56 67 0.00806452
56 68 0.008
56 69 0.00793651
56 70 0.00787402
56 71 0.0078125
56 72 0.00775194
57 0 0.0172414
57 1 0.0169492
57 2 0.0166667
57 3 0.0163934
57 4 0.016129
57 5 0.015873
57 6 0.015625
57 7 0.0153846
57 8 0.0151515
57 9 0.0149254
57 10 0.0147059
57 11 0.0144928
57 12 0.0142857
57 13 0.0140845
57 14 0.0138889
57 15 0.0136986
57 16 0.0135135
57 17 0.0133333
57 18 0.0131579
57 19 0.012987
57 20 0.0128205
57 21 0.0126582
57 22 0.0125
57 23 0.0123457
57 24 0.0121951
57 25 0.0120482
57 26 0.0119048
57 27 0.0117647
57 28 0.0116279
57 29 0.0114943
57 30 0.0113636
57 31 0.011236
57 32 0.0111111
57 33 0.010989
57 34 0.0108696
57 35 0.0107527
57 36 0.0106383
57 37 0.0105263
57 38 0.0104167
57 39 0.0103093
57 40 0.0102041
57 41 0.010101
57 42 0.01
57 43 0.00990099
57 44 0.00980392
57 45 0.00970874
57 46 0.00961538
57 47 0.00952381
57 48 0.00943396
57 49 0.00934579
57 50 0.00925926
57 51 0.00917431
57 52 0.00909091
57 53 0.00900901
57 54 0.00892857
57 55 0.00884956
57 56 0.00877193
57 57 0.00869565
57 58 0.00862069
57 59 0.00854701
57 60 0.00847458
57 61 0.00840336
57 62 0.00833333
57 63 0.00826446
57 64 0.00819672
57 65 0.00813008
57 66 0.00806452
57 67 0.008
57 68 0.00793651
57 69 0.00787402
57 70 0.0078125
57 71 0.00775194
57 72 0.00769231
58 0 0.0169492
58 1 0.0166667
58 2 0.0163934
58 3 0.016129
58 4 0.015873
58 5 0.015625
58 6 0.0153846
58 7 0.0151515
58 8 0.0149254
58 9 0.0147059
58 10 0.0144928
58 11 0.0142857
58 12 0.0140845
58 13 0.0138889
58 14 0.0136986
58 15 0.0135135
58 16 0.0133333
58 17 0.0131579
58 18 0.012987
58 19 0.0128205
58 20 0.0126582
58 21 0.0125
58 22 0.0123457
58 23 0.0121951
58 24 0.0120482
58 25 0.0119048
58 26 0.0117647
58 27 0.0116279
58 28 0.0114943
58 29 0.0113636
58 30 0.011236
58 31 0.0111111
58 32 0.010989
58 33 0.0108696
58 34 0.0107527
58 35 0.0106383
58 36 0.0105263
58 37 0.0104167
58 38 0.0103093
58 39 0.0102041
58 40 0.010101
58 41 0.01
58 42 0.00990099
58 43 0.00980392
58 44 0.00970874
58 45 0.00961538
58 46 0.00952381
58 47 0.00943396
58 48 0.00934579
58 49 0.00925926
58 50 0.00917431
58 51 0.00909091
58 52 0.00900901
58 53 0.00892857
58 54 0.00884956
58 55 0.00877193
58 56 0.00869565
58 57 0.00862069
58 58 0.00854701
58 59 0.00847458
58 60 0.00840336
58 61 0.00833333
58 62 0.00826446
58 63 0.00819672
58 64 0.00813008
58 65 0.00806452
58 66 0.008
58 67 0.00793651
58 68 0.00787402
58 69 0.0078125
58 70 0.00775194
58 71 0.00769231
58 72 0.00763359
59 0 0.0166667
59 1 0.0163934
59 2 0.016129
59 3 0.015873
59 4 0.015625
59 5 0.0153846
59 6 0.0151515
59 7 0.0149254
59 8 0.0147059
59 9 0.0144928
59 10 0.0142857
59 11 0.0140845
59 12 0.0138889
59 13 0.0136986
59 14 0.0135135
59 15 0.0133333
59 16 0.0131579
59 17 0.012987
59 18 0.0128205
59 19 0.0126582
59 20 0.0125
59 21 0.0123457
59 22 0.0121951
59 23 0.0120482
59 24 0.0119048
59 25 0.0117647
59 26 0.0116279
59 27 0.0114943
59 28 0.0113636
59 29 0.011236
59 30 0.0111111
59 31 0.010989
59 32 0.0108696
59 33 0.0107527
59 34 0.0106383
59 35 0.0105263
59 36 0.0104167
59 37 0.0103093
59 38 0.0102041
59 39 0.010101
59 40 0.01
59 41 0.00990099
59 42 0.00980392
59 43 0.00970874
59 44 0.00961538
59 45 0.00952381
59 46 0.00943396
59 47 0.00934579
59 48 0.00925926
59 49 0.00917431
59 50 0.00909091
59 51 0.00900901
59 52 0.00892857
59 53 0.00884956
59 54 0.00877193
59 55 0.00869565
59 56 0.00862069
59 57 0.00854701
59 58 0.00847458
59 59 0.00840336
59 60 0.00833333
59 61 0.00826446
59 62 0.00819672
59 63 0.00813008
59 64 0.00806452
59 65 0.008
59 66 0.00793651
59 67 0.00787402
59 68 0.0078125
59 69 0.00775194
59 70 0.00769231
59 71 0.00763359
59 72 0.00757576
60 0 0.0163934
60 1 0.016129
60 2 0.015873
60 3 0.015625
60 4 0.0153846
60 5 0.0151515
60 6 0.0149254
60 7 0.0147059
60 8 0.0144928
60 9 0.0142857
60 10 0.0140845
60 11 0.0138889
60 12 0.0136986
60 13 0.0135135
60 14 0.0133333
60 15 0.0131579
60 16 0.012987
60 17 0.0128205
60 18 0.0126582
60 19 0.0125
60 20 0.0123457
60 21 0.0121951
60 22 0.0120482
60 23 0.0119048
60 24 0.0117647
60 25 0.0116279
60 26 0.0114943
60 27 0.0113636
60 28 0.011236
60 29 0.0111111
60 30 0.010989
60 31 0.0108696
60 32 0.0107527
60 33 0.0106383
60 34 0.0105263
60 35 0.0104167
60 36 0.0103093
60 37 0.0102041
60 38 0.010101
60 39 0.01
60 40 0.00990099
60 41 0.00980392
60 42 0.00970874
60 43 0.00961538
60 44 0.00952381
60 45 0.00943396
60 46 0.00934579
60 47 0.00925926
60 48 0.00917431
60 49 0.00909091
60 50 0.00900901
60 51 0.00892857
60 52 0.00884956
60 53 0.00877193
60 54 0.00869565
60 55 0.00862069
60 56 0.00854701
60 57 0.00847458
60 58 0.00840336
60 59 0.00833333
60 60 0.00826446
60 61 0.00819672
60 62 0.00813008
60 63 0.00806452
60 64 0.008
60 65 0.00793651
60 66 0.00787402
60 67 0.0078125
60 68 0.00775194
60 69 0.00769231
60 70 0.00763359
60 71 0.00757576
60 72 0.0075188
61 0 0.016129
61 1 0.015873
61 2 0.015625
61 3 0.0153846
61 4 0.0151515
61 5 0.0149254
61 6 0.0147059
61 7 0.0144928
61 8 0.0142857
61 9 0.0140845
61 10 0.0138889
61 11 0.0136986
61 12 0.0135135
61 13 0.0133333
61 14 0.0131579
61 15 0.012987
61 16 0.0128205
61 17 0.0126582
61 18 0.0125
61 19 0.0123457
61 20 0.0121951
61 21 0.0120482
61 22 0.0119048
61 23 0.0117647
61 24 0.0116279
61 25 0.0114943
61 26 0.0113636
61 27 0.011236
61 28 0.0111111
61 29 0.010989
61 30 0.0108696
61 31 0.0107527
61 32 0.0106383
61 33 0.0105263
61 34 0.0104167
61 35 0.0103093
61 36 0.0102041
61 37 0.010101
61 38 0.01
61 39 0.00990099
61 40 0.00980392
61 41 0.00970874
61 42 0.00961538
61 43 0.00952381
61 44 0.00943396
61 45 0.00934579
61 46 0.00925926
61 47 0.00917431
61 48 0.00909091
61 49 0.00900901
61 50 0.00892857
61 51 0.00884956
61 52 0.00877193
61 53 0.00869565
61 54 0.00862069
61 55 0.00854701
61 56 0.00847458
61 57 0.00840336
61 58 0.00833333
61 59 0.00826446
61 60 0.00819672
61 61 0.00813008
61 62 0.00806452
61 63 0.008
61 64 0.00793651
61 65 0.00787402
61 66 0.0078125
61 67 0.00775194
61 68 0.00769231
61 69 0.00763359
61 70 0.00757576
61 71 0.0075188
61 72 0.00746269
62 0 0.015873
62 1 0.015625
62 2 0.0153846
62 3 0.0151515
62 4 0.0149254
62 5 0.0147059
62 6 0.0144928
62 7 0.0142857
62 8 0.0140845
62 9 0.0138889
62 10 0.0136986
62 11 0.0135135
62 12 0.0133333
62 13 0.0131579
62 14 0.012987
62 15 0.0128205
62 16 0.0126582
62 17 0.0125
62 18 0.0123457
62 19 0.0121951
62 20 0.0120482
62 21 0.0119048
62 22 0.0117647
62 23 0.0116279
62 24 0.0114943
62 25 0.0113636
62 26 0.011236
62 27 0.0111111
62 28 0.010989
62 29 0.0108696
62 30 0.0107527
62 31 0.0106383
62 32 0.0105263
62 33 0.0104167
62 34 0.0103093
62 35 0.0102041
62 36 0.010101
62 37 0.01
62 38 0.00990099
62 39 0.00980392
62 40 0.00970874
62 41 0.00961538
62 42 0.00952381
62 43 0.00943396
62 44 0.00934579
62 45 0.00925926
62 46 0.00917431
62 47 0.00909091
62 48 0.00900901
62 49 0.00892857
62 50 0.00884956
62 51 0.00877193
62 52 0.00869565
62 53 0.00862069
62 54 0.00854701
62 55 0.00847458
62 56 0.00840336
62 57 0.00833333
62 58 0.00826446
62 59 0.00819672
62 60 0.00813008
62 61 0.00806452
62 62 0.008
62 63 0.00793651
62 64 0.00787402
62 65 0.0078125
62 66 0.00775194
62 67 0.00769231
62 68 0.00763359
62 69 0.00757576
62 70 0.0075188
62 71 0.00746269
62 72 0.00740741
63 0 0.015625
63 1 0.0153846
63 2 0.0151515
63 3 0.0149254
63 4 0.0147059
63 5 0.0144928
63 6 0.0142857
63 7 0.0140845
63 8 0.0138889
63 9 0.0136986
63 10 0.0135135
63 11 0.0133333
63 12 0.0131579
63 13 0.012987
63 14 0.0128205
63 15 0.0126582
63 16 0.0125
63 17 0.0123457
63 18 0.0121951
63 19 0.0120482
63 20 0.0119048
63 21 0.0117647
63 22 0.0116279
63 23 0.0114943
63 24 0.0113636
63 25 0.011236
63 26 0.0111111
63 27 0.010989
63 28 0.0108696
63 29 0.0107527
63 30 0.0106383
63 31 0.0105263
63 32 0.0104167
63 33 0.0103093
63 34 0.0102041
63 35 0.010101
63 36 0.01
63 37 0.00990099
63 38 0.00980392
63 39 0.00970874
63 40 0.00961538
63 41 0.00952381
63 42 0.00943396
63 43 0.00934579
63 44 0.00925926
63 45 0.00917431
63 46 0.00909091
63 47 0.00900901
63 48 0.00892857
63 49 0.00884956
63 50 0.00877193
63 51 0.00869565
63 52 0.00862069
63 53 0.00854701
63 54 0.00847458
63 55 0.00840336
63 56 0.00833333
63 57 0.00826446
63 58 0.00819672
63 59 0.00813008
63 60 0.00806452
63 61 0.008
63 62 0.00793651
63 63 0.00787402
63 64 0.0078125
63 65 0.00775194
63 66 0.00769231
63 67 0.00763359
63 68 0.00757576
63 69 0.0075188
63 70 0.00746269
63 71 0.00740741
63 72 0.00735294
64 0 0.0153846
64 1 0.0151515
64 2 0.0149254
64 3 0.0147059
64 4 0.0144928
64 5 0.0142857
64 6 0.0140845
64 7 0.0138889
64 8 0.0136986
64 9 0.0135135
64 10 0.0133333
64 11 0.0131579
64 12 0.012987
64 13 0.0128205
64 14 0.0126582
64 15 0.0125
64 16 0.0123457
64 17 0.0121951
64 18 0.0120482
64 19 0.0119048
64 20 0.0117647
64 21 0.0116279
64 22 0.0114943
64 23 0.0113636
64 24 0.011236
64 25 0.0111111
64 26 0.010989
64 27 0.0108696
64 28 0.0107527
64 29 0.0106383
64 30 0.0105263
64 31 0.0104167
64 32 0.0103093
64 33 0.0102041
64 34 0.010101
64 35 0.01
64 36 0.00990099
64 37 0.00980392
64 38 0.00970874
64 39 0.00961538
64 40 0.00952381
64 41 0.00943396
64 42 0.00934579
64 43 0.00925926
64 44 0.00917431
64 45 0.00909091
64 46 0.00900901
64 47 0.00892857
64 48 0.00884956
64 49 0.00877193
64 50 0.00869565
64 51 0.00862069
64 52 0.00854701
64 53 0.00847458
64 54 0.00840336
64 55 0.00833333
64 56 0.00826446
64 57 0.00819672
64 58 0.00813008
64 59 0.00806452
64 60 0.008
64 61 0.00793651
64 62 0.00787402
64 63 0.0078125
64 64 0.00775194
64 65 0.00769231
64 66 0.00763359
64 67 0.00757576
64 68 0.0075188
64 69 0.00746269
64 70 0.00740741
64 71 0.00735294
64 72 0.00729927
65 0 0.0151515
65 1 0.0149254
65 2 0.0147059
65 3 0.0144928
65 4 0.0142857
65 5 0.0140845
65 6 0.0138889
65 7 0.0136986
65 8 0.0135135
65 9 0.0133333
65 10 0.0131579
65 11 0.012987
65 12 0.0128205
65 13 0.0126582
65 14 0.0125
65 15 0.0123457
65 16 0.0121951
65 17 0.0120482
65 18 0.0119048
65 19 0.0117647
65 20 0.0116279
65 21 0.0114943
65 22 0.0113636
65 23 0.011236
65 24 0.0111111
65 25 0.010989
65 26 0.0108696
65 27 0.0107527
65 28 0.0106383
65 29 0.0105263
65 30 0.0104167
65 31 0.0103093
65 32 0.0102041
65 33 0.010101
65 34 0.01
65 35 0.00990099
65 36 0.00980392
65 37 0.00970874
65 38 0.00961538
65 39 0.00952381
65 40 0.00943396
65 41 0.00934579
65 42 0.00925926
65 43 0.00917431
65 44 0.00909091
65 45 0.00900901
65 46 0.00892857
65 47 0.00884956
65 48 0.00877193
65 49 0.00869565
65 50 0.00862069
65 51 0.00854701
65 52 0.00847458
65 53 0.00840336
65 54 0.00833333
65 55 0.00826446
65 56 0.00819672
65 57 0.00813008
65 58 0.00806452
65 59 0.008
65 60 0.00793651
65 61 0.00787402
65 62 0.0078125
65 63 0.00775194
65 64 0.00769231
65 65 0.00763359
65 66 0.00757576
65 67 0.0075188
65 68 0.00746269
65 69 0.00740741
65 70 0.00735294
65 71 0.00729927
65 72 0.00724638
66 0 0.0149254
66 1 0.0147059
66 2 0.0144928
66 3 0.0142857
66 4 0.0140845
66 5 0.0138889
66 6 0.0136986
66 7 0.0135135
66 8 0.0133333
66 9 0.0131579
66 10 0.012987
66 11 0.0128205
66 12 0.0126582
66 13 0.0125
66 14 0.0123457
66 15 0.0121951
66 16 0.0120482
66 17 0.0119048
66 18 0.0117647
66 19 0.0116279
66 20 0.0114943
66 21 0.0113636
66 22 0.011236
66 23 0.0111111
66 24 0.010989
66 25 0.0108696
66 26 0.0107527
66 27 0.0106383
66 28 0.0105263
66 29 0.0104167
66 30 0.0103093
66 31 0.0102041
66 32 0.010101
66 33 0.01
66 34 0.00990099
66 35 0.00980392
66 36 0.00970874
66 37 0.00961538
66 38 0.00952381
66 39 0.00943396
66 40 0.00934579
66 41 0.00925926
66 42 0.00917431
66 43 0.00909091
66 44 0.00900901
66 45 0.00892857
66 46 0.00884956
66 47 0.00877193
66 48 0.00869565
66 49 0.00862069
66 50 0.00854701
66 51 0.00847458
66 52 0.00840336
66 53 0.00833333
66 54 0.00826446
66 55 0.00819672
66 56 0.00813008
66 57 0.00806452
66 58 0.008
66 59 0.00793651
66 60 0.00787402
66 61 0.0078125
66 62 0.00775194
66 63 0.00769231
66 64 0.00763359
66 65 0.00757576
66 66 0.0075188
66 67 0.00746269
66 68 0.00740741
66 69 0.00735294
66 70 0.00729927
66 71 0.00724638
66 72 0.00719424
67 0 0.0147059
67 1 0.0144928
67 2 0.0142857
67 3 0.0140845
67 4 0.0138889
67 5 0.0136986
67 6 0.0135135
67 7 0.0133333
67 8 0.0131579
67 9 0.012987
67 10 0.0128205
67 11 0.0126582
67 12 0.0125
67 13 0.0123457
67 14 0.0121951
67 15 0.0120482
67 16 0.0119048
67 17 0.0117647
67 18 0.0116279
67 19 0.0114943
67 20 0.0113636
67 21 0.011236
67 22 0.0111111
67 23 0.010989
67 24 0.0108696
67 25 0.0107527
67 26 0.0106383
67 27 0.0105263
67 28 0.0104167
67 29 0.0103093
67 30 0.0102041
67 31 0.010101
67 32 0.01
67 33 0.00990099
67 34 0.00980392
67 35 0.00970874
67 36 0.00961538
67 37 0.00952381
67 38 0.00943396
67 39 0.00934579
67 40 0.00925926
67 41 0.00917431
67 42 0.00909091
67 43 0.00900901
67 44 0.00892857
67 45 0.00884956
67 46 0.00877193
67 47 0.00869565
67 48 0.00862069
67 49 0.00854701
67 50 0.00847458
67 51 0.00840336
67 52 0.00833333
67 53 0.00826446
67 54 0.00819672
67 55 0.00813008
67 56 0.00806452
67 57 0.008
67 58 0.00793651
67 59 0.00787402
67 60 0.0078125
67 61 0.00775194
67 62 0.00769231
67 63 0.00763359
67 64 0.00757576
67 65 0.0075188
67 66 0.00746269
67 67 0.00740741
67 68 0.00735294
67 69 0.00729927
67 70 0.00724638
67 71 0.00719424
67 72 0.00714286
68 0 0.0144928
68 1 0.0142857
68 2 0.0140845
68 3 0.0138889
68 4 0.0136986
68 5 0.0135135
68 6 0.0133333
68 7 0.0131579
68 8 0.012987
68 9 0.0128205
68 10 0.0126582
68 11 0.0125
68 12 0.0123457
68 13 0.0121951
68 14 0.0120482
68 15 0.0119048
68 16 0.0117647
68 17 0.0116279
68 18 0.0114943
68 19 0.0113636
68 20 0.011236
68 21 0.0111111
68 22 0.010989
68 23 0.0108696
68 24 0.0107527
68 25 0.0106383
68 26 0.0105263
68 27 0.0104167
68 28 0.0103093
68 29 0.0102041
68 30 0.010101
68 31 0.01
68 32 0.00990099
68 33 0.00980392
68 34 0.00970874
68 35 0.00961538
68 36 0.00952381
68 37 0.00943396
68 38 0.00934579
68 39 0.00925926
68 40 0.00917431
68 41 0.00909091
68 42 0.00900901
68 43 0.00892857
68 44 0.00884956
68 45 0.00877193
68 46 0.00869565
68 47 0.00862069
68 48 0.00854701
68 49 0.00847458
68 50 0.00840336
68 51 0.00833333
68 52 0.00826446
68 53 0.00819672
68 54 0.00813008
68 55 0.00806452
68 56 0.008
68 57 0.00793651
68 58 0.00787402
68 59 0.0078125
68 60 0.00775194
68 61 0.00769231
68 62 0.00763359
68 63 0.00757576
68 64 0.0075188
68 65 0.00746269
68 66 0.00740741
68 67 0.00735294
68 68 0.00729927
68 69 0.00724638
68 70 0.00719424
68 71 0.00714286
68 72 0.0070922
69 0 0.0142857
69 1 0.0140845
69 2 0.0138889
69 3 0.0136986
69 4 0.0135135
69 5 0.0133333
69 6 0.0131579
69 7 0.012987
69 8 0.0128205
69 9 0.0126582
69 10 0.0125
69 11 0.0123457
69 12 0.0121951
69 13 0.0120482
69 14 0.0119048
69 15 0.0117647
69 16 0.0116279
69 17 0.0114943
69 18 0.0113636
69 19 0.011236
69 20 0.0111111
69 21 0.010989
69 22 0.0108696
69 23 0.0107527
69 24 0.0106383
69 25 0.0105263
69 26 0.0104167
69 27 0.0103093
69 28 0.0102041
69 29 0.010101
69 30 0.01
69 31 0.00990099
69 32 0.00980392
69 33 0.00970874
69 34 0.00961538
69 35 0.00952381
69 36 0.00943396
69 37 0.00934579
69 38 0.00925926
69 39 0.00917431
69 40 0.00909091
69 41 0.00900901
69 42 0.00892857
69 43 0.00884956
69 44 0.00877193
69 45 0.00869565
69 46 0.00862069
69 47 0.00854701
69 48 0.00847458
69 49 0.00840336
69 50 0.00833333
69 51 0.00826446
69 52 0.00819672
69 53 0.00813008
69 54 0.00806452
69 55 0.008
69 56 0.00793651
69 57 0.00787402
69 58 0.0078125
69 59 0.00775194
69 60 0.00769231
69 61 0.00763359
69 62 0.00757576
69 63 0.0075188
69 64 0.00746269
69 65 0.00740741
69 66 0.00735294
69 67 0.00729927
69 68 0.00724638
69 69 0.00719424
69 70 0.00714286
69 71 0.0070922
69 72 0.00704225
70 0 0.0140845
70 1 0.0138889
70 2 0.0136986
70 3 0.0135135
70 4 0.0133333
70 5 0.0131579
70 6 0.012987
70 7 0.0128205
70 8 0.0126582
70 9 0.0125
70 10 0.0123457
70 11 0.0121951
70 12 0.0120482
70 13 0.0119048
70 14 0.0117647
70 15 0.0116279
70 16 0.0114943
70 17 0.0113636
70 18 0.011236
70 19 0.0111111
70 20 0.010989
70 21 0.0108696
70 22 0.0107527
70 23 0.0106383
70 24 0.0105263
70 25 0.0104167
70 26 0.0103093
70 27 0.0102041
70 28 0.010101
70 29 0.01
70 30 0.00990099
70 31 0.00980392
70 32 0.00970874
70 33 0.00961538
70 34 0.00952381
70 35 0.00943396
70 36 0.00934579
70 37 0.00925926
70 38 0.00917431
70 39 0.00909091
70 40 0.00900901
70 41 0.00892857
70 42 0.00884956
70 43 0.00877193
70 44 0.00869565
70 45 0.00862069
70 46 0.00854701
70 47 0.00847458
70 48 0.00840336
70 49 0.00833333
70 50 0.00826446
70 51 0.00819672
70 52 0.00813008
70 53 0.00806452
70 54 0.008
70 55 0.00793651
70 56 0.00787402
70 57 0.0078125
70 58 0.00775194
70 59 0.00769231
70 60 0.00763359
70 61 0.00757576
70 62 0.0075188
70 63 0.00746269
70 64 0.00740741
70 65 0.00735294
70 66 0.00729927
70 67 0.00724638
70 68 0.00719424
70 69 0.00714286
70 70 0.0070922
70 71 0.00704225
70 72 0.00699301
71 0 0.0138889
71 1 0.0136986
71 2 0.0135135
71 3 0.0133333
71 4 0.0131579
71 5 0.012987
71 6 0.0128205
71 7 0.0126582
71 8 0.0125
71 9 0.0123457
71 10 0.0121951
71 11 0.0120482
71 12 0.0119048
71 13 0.0117647
71 14 0.0116279
71 15 0.0114943
71 16 0.0113636
71 17 0.011236
71 18 0.0111111
71 19 0.010989
71 20 0.0108696
71 21 0.0107527
71 22 0.0106383
71 23 0.0105263
71 24 0.0104167
71 25 0.0103093
71 26 0.0102041
71 27 0.010101
71 28 0.01
71 29 0.00990099
71 30 0.00980392
71 31 0.00970874
71 32 0.00961538
71 33 0.00952381
71 34 0.00943396
71 35 0.00934579
71 36 0.00925926
71 37 0.00917431
71 38 0.00909091
71 39 0.00900901
71 40 0.00892857
71 41 0.00884956
71 42 0.00877193
71 43 0.00869565
71 44 0.00862069
71 45 0.00854701
71 46 0.00847458
71 47 0.00840336
71 48 0.00833333
71 49 0.00826446
71 50 0.00819672
71 51 0.00813008
71 52 0.00806452
71 53 0.008
71 54 0.00793651
71 55 0.00787402
71 56 0.0078125
71 57 0.00775194
71 58 0.00769231
71 59 0.00763359
71 60 0.00757576
71 61 0.0075188
71 62 0.00746269
71 63 0.00740741
71 64 0.00735294
71 65 0.00729927
71 66 0.00724638
71 67 0.00719424
71 68 0.00714286
71 69 0.0070922
71 70 0.00704225
71 71 0.00699301
71 72 0.00694444
72 0 0.0136986
72 1 0.0135135
72 2 0.0133333
72 3 0.0131579
72 4 0.012987
72 5 0.0128205
72 6 0.0126582
72 7 0.0125
72 8 0.0123457
72 9 0.0121951
72 10 0.0120482
72 11 0.0119048
72 12 0.0117647
72 13 0.0116279
72 14 0.0114943
72 15 0.0113636
72 16 0.011236
72 17 0.0111111
72 18 0.010989
72 19 0.0108696
72 20 0.0107527
72 21 0.0106383
72 22 0.0105263
72 23 0.0104167
72 24 0.0103093
72 25 0.0102041
72 26 0.010101
72 27 0.01
72 28 0.00990099
72 29 0.00980392
72 30 0.00970874
72 31 0.00961538
72 32 0.00952381
72 33 0.00943396
72 34 0.00934579
72 35 0.00925926
72 36 0.00917431
72 37 0.00909091
72 38 0.00900901
72 39 0.00892857
72 40 0.00884956
72 41 0.00877193
72 42 0.00869565
72 43 0.00862069
72 44 0.00854701
72 45 0.00847458
72 46 0.00840336
72 47 0.00833333
72 48 0.00826446
72 49 0.00819672
72 50 0.00813008
72 51 0.00806452
72 52 0.008
72 53 0.00793651
72 54 0.00787402
72 55 0.0078125
72 56 0.00775194
72 57 0.00769231
72 58 0.00763359
72 59 0.00757576
72 60 0.0075188
72 61 0.00746269
72 62 0.00740741
72 63 0.00735294
72 64 0.00729927
72 65 0.00724638
72 66 0.00719424
72 67 0.00714286
72 68 0.0070922
72 69 0.00704225
72 70 0.00699301
72 71 0.00694444
72 72 0.00689655
73
4.87451
3.88802
3.40136
3.08118
2.84417
2.65699
2.50298
2.37262
2.25997
2.16105
2.0731
1.9941
1.92253
1.85723
1.7973
1.74199
1.69073
1.64302
1.59845
1.55669
1.51744
1.48046
1.44553
1.41247
1.38111
1.35132
1.32296
1.29592
1.27011
1.24543
1.2218
1.19916
1.17744
1.15657
1.1365
1.11719
1.09858
1.08065
1.06334
1.04663
1.03048
1.01486
0.999747
0.985111
0.970931
0.957183
0.943848
0.930904
0.918336
0.906124
0.894254
0.882711
0.87148
0.860549
0.849904
0.839535
0.82943
0.819578
0.80997
0.800597
0.791449
0.782518
0.773797
0.765277
0.756951
0.748813
0.740855
0.733073
0.725459
0.718009
0.710716
0.703576
0.696584
