26
    2.10020000000000 
    4.70240000000000 
   -4.77420000000000 
   -4.97220000000000 
   -3.79860000000000 
    1.11840000000000 
   -2.45600000000000 
    3.60440000000000 
    4.05460000000000 
   -4.94420000000000 
    0.56880000000000 
    0.23420000000000 
   -0.29840000000000 
   -3.61300000000000 
   -0.80340000000000 
   -2.89900000000000 
   -2.75980000000000 
    4.48220000000000 
    2.84740000000000 
   -4.32440000000000 
   -2.81820000000000 
    0.99200000000000 
    0.41580000000000 
    2.15600000000000 
   -2.50480000000000 
    0.44300000000000 
    4.91000000000000 
   -4.28120000000000 
   -0.65960000000000 
   -1.35300000000000 
   -2.22240000000000 
   -0.41620000000000 
   -2.51220000000000 
   -1.07980000000000 
    2.92000000000000 
    4.89140000000000 
   -4.57440000000000 
   -3.88220000000000 
    0.39240000000000 
   -2.60840000000000 
   -4.84460000000000 
   -1.52160000000000 
   -0.20620000000000 
   -3.05440000000000 
    1.67340000000000 
   -2.71620000000000 
    3.34220000000000 
   -0.15900000000000 
    2.14120000000000 
    4.32820000000000 
   -1.36160000000000 
    3.91860000000000 
   -0.25640000000000 
   -2.79800000000000 
    1.11800000000000 
   -3.48860000000000 
    2.23240000000000 
    2.38760000000000 
   -3.81120000000000 
   -4.80300000000000 
   -4.84060000000000 
   -3.83220000000000 
    1.05780000000000 
    1.36180000000000 
   -0.20340000000000 
    3.34580000000000 
   -3.75500000000000 
   -3.42180000000000 
   -4.25700000000000 
    3.77880000000000 
   -3.21620000000000 
    1.79380000000000 
   -1.77980000000000 
   -3.27560000000000 
    3.11020000000000 
   -0.66640000000000 
    0.05440000000000 
    2.99720000000000 
    1.63940000000000 
   -2.28620000000000 
   -1.65400000000000 
    4.94080000000000 
   -4.97160000000000 
   -0.73000000000000 
   -4.17200000000000 
    4.21100000000000 
    2.12780000000000 
    0.59560000000000 
   -3.09020000000000 
   -2.62940000000000 
   -2.37920000000000 
   -4.20620000000000 
   -1.58920000000000 
   -0.70160000000000 
    1.34860000000000 
    2.54280000000000 
    4.97900000000000 
    4.40960000000000 
   -2.67540000000000 
    0.97180000000000 
   -0.80060000000000 
   -4.31120000000000 
