 0.000000000000000e+00
 0.000000000000000e+00
 0.000000000000000e+00
 0.000000000000000e+00
 0.000000000000000e+00
 0.000000000000000e+00
 0.000000000000000e+00
 0.000000000000000e+00
 0.000000000000000e+00
 0.000000000000000e+00
 0.000000000000000e+00
-4.448000000000000e+00
 1.112000000000000e+00
 0.000000000000000e+00
 0.000000000000000e+00
 0.000000000000000e+00
 0.000000000000000e+00
 0.000000000000000e+00
 0.000000000000000e+00
 0.000000000000000e+00
 0.000000000000000e+00
 0.000000000000000e+00
 0.000000000000000e+00
 0.000000000000000e+00
 0.000000000000000e+00
 0.000000000000000e+00
 0.000000000000000e+00
 0.000000000000000e+00
 0.000000000000000e+00
 0.000000000000000e+00
-1.112000000000000e+00
 0.000000000000000e+00
 0.000000000000000e+00
-4.448000000000000e+00
 0.000000000000000e+00
 0.000000000000000e+00
