1.836137563682443e+001
2.980713653041356e-001
3.692542145618321e-001
6.740741643798377e-001
3.437942620158060e-001
5.993544359929742e-001
6.500375678695168e-001
9.482935154206016e-001
3.375819595625376e-001
7.880280882943158e-002
7.314961238360385e-001
3.697412024350528e-001
4.155654895073728e-001
5.005728210256413e-001
9.825668440139596e-001
9.833790005201282e-002
8.627232033809079e-001
5.455426721740609e-001
3.252384020526167e-002
8.638593809101097e-001
5.077331981201914e-001
7.708354305538407e-001
1.039734800584682e-001
4.694475320487180e-001
6.196661624187023e-001
6.511977824876192e-002
3.772136994237424e-001
6.159116051986888e-001
3.443030975049672e-001
4.023531035407104e-001
5.848198914992964e-001
4.957656674204396e-001
5.216970256528372e-001
5.207750431701935e-001
9.236316681282578e-001
3.359354823595118e-001
4.566540421732489e-001
1.723915938548060e+001
9.526923617503353e-001
8.394135470630082e-002
4.103405140916219e-001
2.684584620217796e-001
4.399293561625852e-001
5.637469844985544e-001
9.308261972919681e-001
2.213478554425610e-001
4.693003806090418e-001
9.961085517892654e-003
9.919941055813485e-001
7.190283479809959e-001
2.477424042832604e-001
8.506984452421378e-001
7.827536846161616e-001
2.438913328460444e-001
8.100747082623567e-001
3.801758255453125e-002
8.613019539618797e-001
1.313824667277996e-001
4.400154082027572e-001
5.989746080592094e-001
1.388173602180128e-001
5.556503825804949e-001
6.498062840806758e-001
9.564206342325303e-001
9.615402905568982e-002
2.046974615014519e-002
1.012659384824903e-001
2.823229759137024e-001
8.625025820925960e-001
2.113493977028103e-002
6.674556107083207e-001
3.640852596112844e-001
2.439964451293204e-001
1.002313990697401e-002
1.636055985539280e+001
1.613332216233819e-001
1.311102376513326e-001
8.112062078690050e-001
6.679733747697774e-001
1.098108839071247e-001
1.099584178627652e-001
1.548526678725681e-001
4.507205459270466e-001
1.460277833931311e-001
2.260871614709336e-001
5.945676547685782e-001
8.573836797936408e-001
3.217759357378411e-001
5.824593995406382e-001
4.251341175241982e-001
4.241641539991577e-001
5.451618895970075e-001
1.365015577865317e-001
7.727608897862253e-001
9.406436922030848e-001
2.440613296032732e-001
1.521876827668911e-001
2.490914020748847e-001
9.572626566254107e-001
2.678316604274342e-001
4.170072102352590e-001
4.990315172183083e-001
3.439136283946105e-001
6.353643125495315e-001
5.611741105114341e-001
6.339128873662019e-001
8.545241925374131e-001
7.215442069618968e-001
6.531051157982855e-001
3.983935014089984e-001
9.240428287091279e-001
1.633840927107596e+001
7.923417971867487e-001
5.191690463521128e-001
1.166066789269575e-001
3.600538456999023e-001
2.075608170856446e-001
1.261627011346356e-002
4.222496218575511e-002
7.502497575371616e-001
4.130070153353490e-001
5.522342554408385e-001
7.508337273204313e-002
3.704236443233024e-001
2.476146176801599e-001
2.340966447915693e-002
4.525921619035758e-001
5.206688133921869e-001
7.367443424286371e-001
2.228913182628897e-001
3.070080624745772e-001
1.853914528104027e-001
4.554994739250250e-001
4.198516344594870e-001
2.323580058185125e-001
8.114254719359904e-001
5.329291640850947e-001
7.627913391626880e-001
7.069782953947195e-001
3.187603889453428e-001
4.840009354476054e-001
8.724001820049980e-001
5.878320005442846e-001
2.701490370849444e-001
6.093298830713934e-002
8.518081150032745e-001
8.179193358578349e-001
7.772803864919690e-001
1.940622906676943e+001
8.813452338432954e-001
2.764259952947088e-001
1.739873980542276e-001
9.567712503397405e-001
1.397227331887012e-001
3.603170487074749e-001
3.117536756748366e-001
4.596372284282564e-001
6.599795782427929e-001
6.432302547745925e-001
9.056922203876767e-001
4.248109100670020e-001
6.332855797278758e-002
1.791800558795512e-001
6.469683346376840e-001
2.195235565865440e-001
8.868956210551769e-001
7.904526330018044e-001
7.761984434672230e-001
8.242226666800445e-001
6.833977260722678e-001
5.970439133186065e-001
7.637164888257928e-001
5.766999899488920e-001
5.484966791480661e-002
3.197184006996192e-001
4.902226382835583e-001
9.920937686667523e-001
4.558149252840282e-002
6.204765774583546e-001
1.740441811080290e-001
8.282716017100786e-001
5.820568965591880e-001
2.557147230238699e-003
8.097480459015037e-001
9.156528559347047e-001
2.050252344029971e+001
8.884534184714277e-001
9.545731909331465e-001
5.870077844267599e-001
7.792001150415536e-001
6.377723165675810e-001
3.320472939272999e-001
6.693817326365782e-001
5.302439559821321e-001
2.515346335209511e-001
6.801894668793131e-001
8.316074566872308e-001
8.257475856777865e-001
4.464928223530063e-003
8.633644330181549e-001
3.233701632637248e-001
3.886292126348284e-001
2.838809335563638e-001
6.266279087940313e-001
9.438491710041475e-002
4.541806598869713e-001
8.558726271311486e-001
1.819588912327073e-001
7.712471397503672e-001
9.653627008463117e-002
4.561953442565919e-001
5.748928993210879e-001
7.921982589214410e-001
7.078665990183827e-001
6.099862800514865e-001
3.108204759663793e-001
7.946146447014160e-001
8.383698184353764e-001
9.470847493819675e-001
8.302219303130318e-001
2.287854012307605e-001
7.653368224092643e-001
2.257770381375206e+001
8.699642798769861e-001
7.490749901883230e-001
4.966556822940219e-001
1.415204166406471e-001
2.669050971617555e-001
8.394712456109514e-001
5.767552931338524e-001
2.636673303873134e-001
1.268489422812069e-001
5.489418884772399e-001
2.299529742521058e-001
2.157280645770026e-001
4.959009781577839e-001
4.643331822741363e-001
2.523280406637198e-001
5.757165954907504e-001
9.011884408981429e-001
7.557430752969526e-001
8.022963123207980e-001
4.435592226985313e-001
9.711484363016817e-001
9.594509818207282e-001
6.559141871842774e-001
9.814503889140446e-001
9.916230186065407e-001
7.781824423438959e-001
6.017335648120311e-001
3.694271894511866e-001
8.478081851636212e-001
9.183982820447220e-001
3.920593457239747e-001
2.852111057305677e-001
3.961353027457277e-001
7.242046555856497e-001
3.520147940218923e-001
1.117490696677344e-001
1.718725963325336e+001
3.964329307739171e-001
2.278940096437460e-001
9.097947873848761e-001
1.688697321239329e-001
4.794456702629524e-002
3.824045680557371e-001
2.539242408858005e-001
9.705539396198638e-001
2.340308037146122e-002
9.982269836772992e-001
2.595215189076680e-001
9.879020743372585e-001
5.869096704632427e-001
2.455702066399134e-001
4.800309112138711e-001
9.888055764095463e-001
2.321061495788955e-001
8.084838714041026e-001
3.997605813408746e-001
6.068976955112481e-001
4.353930137677842e-002
9.771231865219077e-002
9.982830131707982e-001
6.960992041552271e-001
1.509550153774962e-001
9.099894516265460e-001
5.420907850064227e-002
8.126259950386550e-002
8.219144513629790e-001
3.639451583137857e-001
7.095588181178105e-001
1.216268961602784e-001
2.875302212515941e-001
2.870768573815704e-001
7.419741291544468e-002
9.023652669831473e-001
2.059584029372993e+001
9.600484997034722e-001
9.586918892726590e-001
1.880369960901950e-001
9.138302523498708e-001
2.259111007751362e-001
2.005962119234213e-001
7.688910481650748e-001
8.145463022127695e-001
6.568222978885352e-001
5.208752614133868e-001
9.880078029110958e-001
5.722793613394671e-001
5.023924304719848e-001
6.356351774031870e-001
5.501410232139367e-001
9.976840644256690e-002
5.549366864831195e-001
3.212919844926774e-001
8.032758706988774e-001
7.331534318953474e-001
8.427285958398346e-001
3.019186963417562e-001
4.366192058224215e-001
8.839040165089256e-001
9.548998799215368e-001
4.473834273658607e-001
1.910393542962020e-001
5.850191489018921e-001
7.884603974713463e-001
2.706978631853197e-001
4.779543530888892e-001
5.597415429822492e-001
7.828514109154097e-001
5.041370232135976e-001
7.245633107041408e-001
6.922922784593325e-001
1.949483099995832e+001
7.436187775028265e-001
8.400928503582866e-001
9.625380315632682e-001
7.226495255737685e-001
4.872769799921687e-001
1.308782050577428e-002
1.057629700567251e-001
6.652597843216572e-001
7.575601194619228e-001
7.265406843831707e-001
3.793731671326599e-001
3.276794872848406e-001
2.178608974591365e-001
8.703163678171775e-001
4.307913916896059e-001
1.101509703892232e-001
2.732141146521353e-001
3.459870215610119e-001
4.574719691009374e-001
9.432511943948735e-001
4.772608244045149e-001
7.244341049242986e-003
9.386869778057232e-001
1.889956472469674e-001
5.574139939043679e-001
5.590277614241556e-001
2.562984198990086e-001
9.068188410325307e-001
7.345393745049500e-001
2.646864801651273e-001
9.596910650483475e-001
6.348761021812613e-001
1.409200219913483e-001
5.061877169899238e-001
6.419240453596259e-001
5.946791313351066e-001
2.114505189347337e+001
5.419438320731850e-001
1.129485751370496e-002
9.005042107437216e-001
8.467769375798951e-001
5.592971307792189e-001
1.380053137058507e-001
4.042193551833362e-001
8.568056607939656e-002
8.905431256005845e-001
6.426021033821917e-001
4.144334000104182e-001
1.413863757130163e-001
5.228893253631760e-001
6.943973084192245e-001
4.149595815811927e-001
9.681559652209800e-001
2.712177171630642e-001
8.335840102961306e-001
9.211153986801300e-001
7.609096624238839e-001
9.905774384835075e-002
8.204867246644489e-001
7.877659421262448e-001
8.912615917037281e-001
9.419425151110794e-001
9.203825567499417e-001
1.834424126773897e-001
4.311177572806380e-002
1.425866571338853e-001
7.872944234726040e-001
5.480055913344645e-001
7.835756407677628e-001
5.859131446524990e-002
8.431747059425288e-002
7.590507222826674e-001
6.930785428612345e-001
1.560490257433322e+001
7.443685833527294e-001
7.101615152007745e-001
3.670122126646480e-002
8.231866413091441e-001
6.991705476130695e-001
3.643865810266354e-001
9.683827491838715e-002
1.372371971282601e-001
4.211913882890540e-001
3.034219912651365e-001
1.189045418707302e-001
4.203134379886421e-001
8.104921699190393e-002
9.022457709407479e-001
3.246448069695520e-001
3.049830209232118e-001
4.827236954515567e-001
2.073525588271208e-002
6.812715154242490e-001
2.345100353544551e-001
2.127106450445869e-001
3.638310209075704e-001
1.375847924079938e-001
9.792937687381300e-001
5.511327433076692e-001
5.273024737468552e-001
8.944274692216894e-001
1.893867883497873e-001
4.970955715918676e-001
4.337970133292229e-001
6.347929902711501e-001
7.273703038073647e-001
2.773215505278157e-001
9.573504545920029e-001
4.450808223056441e-001
4.121543071270424e-001
1.941333033902526e+001
1.490576324710121e-001
3.343043319091845e-001
3.689622646748569e-001
4.772134617214399e-001
5.790588195319014e-001
3.900227234910901e-001
1.110565448143793e-001
8.540638204497293e-001
3.045261341226488e-001
3.211063831350682e-001
9.504284251482645e-001
5.982192230699598e-001
4.072675589675945e-001
5.833682596420983e-001
5.297566907759314e-001
7.859882190456708e-001
7.412828988213406e-001
3.265043417133813e-001
9.068566434722384e-001
8.338842954462887e-001
7.379810574079142e-001
6.224259903154872e-002
5.129655219836076e-001
7.351255909518881e-001
1.649874389055634e-001
5.337148066431887e-001
4.132824591984252e-001
9.953422287278169e-001
2.767337821996704e-001
5.940331644396245e-001
5.951833400579828e-001
4.795811939845536e-001
9.536480962503379e-001
9.846280359953424e-001
7.221698291944062e-001
4.430959461508955e-001
1.785409534936321e+001
4.359431830411630e-001
5.985142196109750e-002
3.765355544280810e-001
2.632425652127557e-002
5.246552964281526e-002
5.695112084724534e-001
2.251332570176138e-001
8.699493554452814e-001
2.881574524047201e-001
5.532856062120569e-001
2.539093378621431e-001
5.957627974744494e-001
1.653178175557990e-001
8.804853312828058e-001
4.918781752750473e-001
5.745866651786623e-001
5.616851427496661e-001
1.080546249130368e-001
7.845662671773916e-001
2.602246184807167e-001
3.514752309326877e-001
4.774666026345484e-001
5.815740283575277e-001
2.230959878899159e-001
4.219246622887979e-001
7.324613972372613e-001
1.503228774938944e-001
7.318108722237671e-001
1.461231433731332e-001
2.634267484955222e-001
7.000418280305923e-001
2.162773342746160e-001
6.081392828122190e-002
8.863990360080424e-001
7.590825776141830e-002
3.973464919412022e-001
1.754749808230685e+001
7.886227968930167e-001
8.183733307280002e-001
7.554774324445901e-001
3.613559044117787e-001
3.664955579197349e-002
3.338274262566449e-001
7.449876954631010e-001
2.197746513551431e-001
4.685876488555046e-001
1.312194049389457e-001
9.958024614188445e-001
3.951579639784917e-001
7.536944797104016e-001
8.853441327680808e-001
9.383890365619578e-001
8.462401947296446e-001
8.848369802934353e-002
6.512754757955319e-003
3.850786295365104e-001
5.844695018889486e-001
4.219227881310711e-001
8.343139761291218e-002
9.401706371391285e-001
3.714047948102748e-001
9.501352691217575e-001
9.805894936830876e-001
4.173334222270552e-001
4.600506736901430e-001
1.273182863310032e-001
6.661343184092190e-001
4.491215497777995e-001
4.763218470545136e-001
4.056036595474482e-001
8.582715594680125e-001
6.093475348014898e-002
1.373807079435362e-001
1.863681932902255e+001
7.584836627788135e-001
6.482153772323708e-001
2.542309512012397e-003
2.298739954368367e-001
9.158181417093124e-001
8.360602746814489e-001
8.670068743004501e-001
1.541213675972953e-001
9.867060860988197e-002
3.622128502430820e-001
1.677140403089747e-001
2.303173045007828e-001
1.930525378928242e-001
8.592965285289640e-001
6.235367176777518e-001
6.297657907922617e-001
6.002403141228472e-001
8.343309809246220e-001
5.298785679772285e-001
7.114787138987507e-001
3.070953474589231e-001
1.493307241932624e-001
8.124586185370737e-001
4.112651021595241e-001
2.115500526942007e-001
8.041775393420666e-001
4.548875174326170e-001
9.556646588659463e-001
9.102531841039722e-001
8.088095993767273e-001
7.989910953081317e-001
5.414593872120055e-002
8.519119744726154e-001
4.812146863244277e-001
1.337475636029578e-001
6.138535437965327e-001
1.804948549144071e+001
1.333760688750755e-001
4.580933334645013e-001
1.091238783714656e-001
1.658853920893236e-001
7.589368330000013e-002
9.130717627222976e-001
5.568364321997572e-001
6.230895989797787e-001
9.666622987778257e-001
4.105078983101012e-001
8.257418732006993e-001
5.116815935740451e-001
4.937548783360085e-001
4.869464962793801e-001
5.613899107841366e-001
3.944655899025298e-001
1.833817076029899e-001
3.042264801520969e-001
1.159994681285255e-001
9.098496351679063e-001
5.730859794140497e-001
8.308875078245712e-001
3.241588629837700e-003
5.317089698777127e-001
8.129177153568061e-001
1.241352195796119e-002
4.839943899102178e-001
5.108310929695662e-001
4.187391106567139e-001
5.884963696260623e-001
8.401477887173099e-001
7.614471713025300e-001
3.574902362760075e-001
1.032142905124730e-001
8.389723507665681e-001
4.307506169576703e-002
1.732007569919088e+001
9.557348173531854e-001
2.202841833599051e-001
7.276437221831313e-001
3.921864035279412e-001
3.855906263116626e-001
2.186796067478606e-001
8.403127292558332e-001
7.785675626370484e-001
1.364423429639321e-001
4.724523740456397e-001
3.015271014297191e-001
1.123662013469357e-001
9.394953427849206e-002
7.871503114667157e-001
5.499745014944057e-001
8.789220806605824e-002
3.675307163942527e-001
2.712779756661011e-001
1.495982579548777e-001
2.561587452105475e-001
4.516928674681949e-001
5.359423041842947e-001
5.892140219184802e-001
3.263069326349147e-001
9.601741559210231e-001
3.164676717967612e-001
5.770779356255237e-001
2.043832097022187e-001
7.681543348166161e-001
1.484323576080958e-001
8.451581559140639e-001
1.637140250390841e-001
9.167089268568277e-001
5.394004771824845e-001
5.640478473255943e-001
1.070862881232815e-001
1.939985143150942e+001
8.441447930778334e-001
6.128860781239980e-001
3.633962975587380e-001
8.381911239019804e-001
5.426209347421287e-001
2.443135775078974e-001
7.352994987034682e-001
6.688333306353015e-001
6.267825632937071e-001
2.204787119748195e-001
2.466802234954069e-002
8.720570256162032e-001
5.133106466739982e-001
8.489849674691197e-001
6.745990874678610e-001
5.694488107732034e-001
7.801174463567345e-001
2.365756157706460e-001
4.946484501975548e-001
5.681584556930390e-001
7.943854227251146e-001
6.149581335798383e-001
4.617940013145199e-001
7.166662066570231e-001
9.593303077497835e-001
7.909170747579238e-001
8.051091514676122e-001
3.411925132470872e-001
5.701756318225948e-002
8.064370759912551e-001
3.475673511054587e-001
9.816596898284594e-001
1.811240397569305e-001
5.967681641180945e-001
1.844150920461690e-001
8.257932358656820e-001
2.092074959406387e+001
9.593516757562407e-001
8.989214500584263e-001
5.289866255259411e-001
8.318779907982489e-001
8.244248779423097e-001
6.872426489119691e-001
1.415074255542603e-002
9.896175084770609e-002
3.587240160014421e-001
1.293352800350825e-001
7.401135137918475e-001
6.006370038198389e-001
7.351802647182048e-001
6.162411513208923e-001
8.829080728108857e-001
2.491749841149585e-001
1.873627292458900e-001
8.422878876437976e-001
6.661351845330845e-001
5.585895036252077e-001
9.644591897080831e-001
8.589879094010505e-001
5.758576354103293e-001
2.566046242359164e-001
2.733636138676996e-001
7.295724370348913e-001
3.711648414305825e-001
7.200129148308021e-001
7.732389829514894e-001
2.770945103809397e-002
5.266027202526991e-001
7.296133050714044e-001
4.170345306539509e-001
9.855485605287307e-001
4.163959242610998e-001
7.744387814109258e-001
1.929836029751025e+001
8.899050660496227e-001
4.569938898387305e-003
7.979462833594393e-001
6.035842983250680e-001
2.738782432567043e-001
2.850601410304446e-001
3.383243671511594e-001
3.270227890550426e-002
3.660439491650762e-001
5.221918797371569e-001
9.200514660512954e-001
8.603875382676189e-001
4.374401481078946e-001
3.985080566978949e-002
2.714431663993706e-001
7.138480361276453e-001
8.958998481526659e-001
1.471809631850538e-001
1.492877369225996e-001
6.665541989109882e-001
9.610225195858551e-001
9.661027703793321e-001
8.012775207713414e-001
5.679410940054357e-001
5.495085032318563e-001
6.262891140682625e-002
1.487397529494907e-001
2.469306837937841e-001
7.240704633202089e-002
3.856042371976381e-001
5.994919396731901e-002
7.936512456340672e-001
2.336617843925781e-001
2.685350621488465e-001
4.593267350307059e-001
7.208254787911428e-001
1.702814043518153e+001
8.873084021712654e-001
1.053533368595804e-001
4.968774245499378e-001
5.811598681954182e-001
3.070380727431227e-001
5.082712446530565e-001
3.953830467063590e-001
5.849280473669517e-001
4.017328675749925e-001
6.505613022492660e-001
2.562012940479658e-001
8.567988295803075e-003
5.658867317148708e-003
9.682153495334680e-001
2.069565790624236e-001
2.627123265442999e-001
7.787897334791782e-001
1.378654300515880e-001
7.435618064090476e-001
5.955780236931735e-001
3.758243605519990e-001
8.553708466115928e-002
6.608452523158579e-001
5.386505192136111e-001
7.177259590350215e-001
3.681085923280227e-001
4.147476543649217e-001
2.590389404436604e-001
9.593107671801452e-001
9.059048822719659e-001
1.520228885349234e-001
3.160604606926982e-001
3.684395243090379e-001
1.522487836617259e-002
7.545094559556422e-001
6.128436781713158e-001
1.896200894633984e+001
8.726432066848050e-001
3.876497099011472e-001
9.340006716922374e-001
6.442278995150614e-001
1.472060202773684e-002
9.572222748540171e-001
9.536090705201832e-001
7.450234256638872e-001
4.981219779749213e-002
5.116550949657840e-001
8.090904969673601e-001
6.895631168455941e-001
1.625323812686780e-001
9.885442636467492e-001
2.153386082779116e-001
4.767874923158233e-001
3.916128038249578e-002
4.799530805618024e-001
1.444052092638835e-001
9.702879482775180e-001
3.461960336153047e-002
5.713586536373759e-001
2.406050596188432e-001
4.764242556010072e-001
2.366625660311607e-001
5.285870289310449e-001
4.133812102846201e-001
2.205228459688017e-001
2.206731948996997e-001
1.027194644800649e-001
5.754859044498746e-001
9.568142979626694e-001
6.099216649417233e-001
4.265765887284280e-001
6.335840228721981e-001
7.356195694379605e-001
1.943692606869716e+001
7.323703274484092e-001
9.904513987522332e-001
8.330957652603049e-001
6.856421622985931e-001
3.355140167730683e-001
3.612484973680951e-001
3.869347351714736e-001
8.003373827376954e-001
8.249639443743683e-001
6.839680692905680e-001
5.544513279558847e-001
9.499146273332908e-001
6.456181437058893e-001
8.709557581091071e-001
3.812649862485587e-001
6.304125716614114e-001
6.067497220989653e-001
9.437488093574322e-001
8.246202185059516e-001
4.080508512258558e-001
8.703459959722745e-001
3.168508099012615e-001
3.911261591351969e-001
2.076978958363438e-001
5.272391540873875e-001
2.171941225835240e-001
8.925145868583406e-002
2.160941712376789e-001
2.459529566509945e-001
6.979224694073464e-001
9.031782573500148e-001
6.271897383210064e-001
3.383120399396927e-001
2.408715899297931e-001
7.478680591067333e-002
7.334738387005243e-001
1.671584181829151e+001
4.795254638570911e-001
5.801496581009591e-002
7.141253502918327e-001
3.135902010801089e-001
7.689642008545250e-002
1.880509907738867e-001
7.085243793619215e-001
2.214817864999474e-002
8.920178752630346e-001
6.928620206272551e-002
1.847532664926332e-001
1.924629208128056e-001
9.084562436357307e-001
9.677234550332339e-001
8.554968486738563e-001
1.390473621576338e-002
1.600128588110026e-001
6.366549177897022e-001
4.297467012373009e-001
2.086445279426059e-001
2.912645130120204e-001
4.137619059359133e-001
4.446055234754242e-001
3.388975851457025e-001
3.374824914813237e-001
1.202080389428747e-001
6.805404372414883e-001
3.627487801738264e-001
4.964848412140336e-001
2.172207174506329e-001
9.984596858288463e-001
5.489528118726194e-001
9.246832983349799e-001
6.527798785545723e-001
5.527481702268451e-001
7.993479403378220e-001
1.826594197195488e+001
8.990019163383076e-001
1.369517343043050e-001
5.817466450605277e-001
5.936672509985813e-001
7.196494881344014e-001
7.680556817375960e-001
1.175351754121750e-001
6.879342543392274e-001
1.703368503672764e-001
3.777314588157621e-002
9.771414315580357e-001
2.967816505955329e-001
7.685897944276625e-001
8.281382505311742e-001
7.679436325457667e-002
1.226451647496922e-001
2.054650094028496e-001
6.410314703817096e-001
1.688640991041370e-001
1.009004244142250e-001
8.841990226485513e-001
8.720467955811070e-001
2.288304766370086e-001
8.252502612727292e-001
3.174580253189628e-001
7.304428634069982e-001
7.270091454704806e-001
1.325893109487653e-001
5.427121329288511e-001
8.471040431436895e-001
5.966968400101994e-001
4.006057857157819e-002
2.810110555654586e-001
2.789326654771882e-001
1.841572269271299e-001
6.754471246085988e-001
1.823802974483780e+001
6.046643876751354e-001
7.138522161311391e-001
9.210306517123663e-001
5.127715710459257e-002
5.209434626260239e-001
6.594267437929864e-001
8.007288626963783e-001
1.503367400043538e-001
4.654702961579214e-001
9.014319259289653e-001
6.598077055959671e-001
2.554259428160794e-001
6.227308258111947e-001
3.667576934592263e-001
2.360095746821304e-001
7.301600014083681e-001
8.114644225781627e-001
2.642001078773522e-001
1.677524988008611e-001
1.848036829129450e-001
7.992182364028733e-002
7.594131602093872e-001
6.902512981566150e-001
4.452787350570686e-001
5.817279984456382e-001
4.370928660205337e-001
5.541352763527629e-001
6.198135335341792e-001
8.856435823931330e-002
5.798206294730209e-001
6.035121850366815e-001
2.974583687383499e-001
4.441011627051554e-001
7.182034462110822e-001
8.941678529178715e-001
4.552039473160573e-001
1.949699098602985e+001
5.611462338788753e-002
4.259199047217768e-001
8.010551368692165e-001
9.683214264120236e-001
7.269982831791298e-001
5.713872211180472e-001
5.099053541414929e-001
9.880780122750262e-001
1.707475533359517e-001
4.993956927357127e-001
7.049497952965014e-001
8.825049812448603e-001
7.898511104550611e-001
3.932151355586490e-001
6.437675675228631e-001
5.201417034767583e-001
9.776879982275053e-001
1.361018946876491e-001
6.499290842554861e-001
6.840285666939618e-001
3.227145524929084e-001
5.139975842228672e-002
7.511503481747492e-001
5.453238585027154e-001
4.646748625387058e-001
9.763346379807617e-001
4.009160945367877e-001
2.383642141757625e-001
7.001529689895135e-001
4.611206637937553e-001
1.093862358473509e-001
5.978778197538295e-001
2.496831772786667e-001
8.584800386288588e-001
5.260403476384545e-001
1.850427564497829e-001
1.770642762836354e+001
1.647133483370905e-001
8.128240154902208e-001
4.795167887719066e-001
6.000969758192575e-001
5.386769470625552e-004
7.848474245742221e-002
7.926966184473783e-002
4.273631115776853e-001
2.891277441864335e-001
4.539074821611604e-001
6.499167891013681e-001
7.667268384137120e-001
4.225160647427499e-001
8.255757249395590e-002
7.793959982636514e-001
2.597350663119336e-002
4.705957465496219e-001
9.667007074786860e-002
6.918675347087772e-001
1.638153778437589e-001
8.353087131323703e-001
4.054420604745923e-002
3.971326861798946e-001
9.700643852304230e-001
8.859260047518817e-001
2.619180407137941e-001
3.529728073112055e-001
6.361243872093759e-001
4.600371360823757e-001
4.440380056116707e-001
9.382266039675377e-001
7.516975320129313e-001
9.625055970481988e-001
8.972061913035979e-001
2.873487776287447e-001
2.649664406487118e-002
1.784588469944468e+001
8.297485691922087e-001
2.771819059891456e-001
2.416916182399168e-001
1.037099741201977e-001
8.891776881877679e-001
3.639338799717351e-002
5.352657537180432e-001
4.584822324543639e-001
6.527906347012960e-001
1.950102167683042e-001
9.020857068291616e-001
6.916320055872195e-001
3.488876211665174e-001
7.133465797381858e-001
8.161354234910816e-001
4.345562899865860e-001
1.539926997344345e-001
3.375974430497549e-001
9.425309644362074e-001
7.064604916858480e-001
2.546042320677781e-001
9.857832394643351e-002
2.718303442552178e-001
2.767361491015790e-001
2.305688195303199e-001
9.071951073284266e-001
1.196784350677571e-002
8.108616753956209e-001
1.137918708774111e-002
9.480129200933979e-001
2.286056152457430e-001
2.926222622534935e-001
2.146192939010361e-001
3.561182714283753e-001
8.651446698354568e-001
4.327308061913952e-001
1.771930799567324e+001
8.440919373465577e-001
9.373898707466774e-001
1.634891810970159e-001
5.281537373106193e-001
1.458336846565888e-001
5.430872402263653e-002
3.437306771499614e-001
3.923101826267266e-001
9.936633989316080e-001
2.626856980115357e-001
5.640425405534487e-001
4.595484160069663e-002
5.011124062266470e-001
2.643931205102351e-001
8.136277973390875e-001
6.540742826063567e-001
4.274851842661155e-001
8.737918485303886e-001
2.715540528536234e-001
9.449092980951259e-001
6.421802713021478e-001
1.729161708747666e-001
7.757887147771702e-001
7.299904860720470e-001
6.534259393320445e-001
2.554920308502118e-001
9.479220355940435e-001
2.432843976170488e-001
3.522203501247715e-001
8.253996779998171e-001
2.405492461526504e-002
9.536519716121414e-001
2.911849422617591e-001
5.833278013445006e-001
2.863337337847040e-001
2.330131970049686e-001
1.927192454742953e+001
7.349232066778120e-001
5.526418130902868e-001
9.452806935307595e-001
6.612481356390625e-001
9.609158939560170e-001
8.580972576087987e-001
1.245573892893259e-001
8.114462568017613e-001
9.789346539857430e-001
3.345965843231631e-001
3.758384488236198e-001
3.820650933532250e-001
9.683634331410429e-002
8.658800238678839e-001
7.642307772838936e-001
9.750560160286736e-001
7.590435322956666e-001
1.020810765716373e-001
9.901678741225883e-001
7.429912851360770e-001
4.052194434541480e-001
9.741075627721537e-001
1.537081715761495e-001
3.615295478989828e-001
9.118840213046704e-001
3.725746589242951e-001
5.201924621708409e-001
1.730795990459239e-001
4.133036703080233e-001
4.063228997036213e-001
6.342303834796600e-001
2.319215621278514e-002
6.991399122094693e-001
8.115382029501268e-001
9.400938954232329e-001
6.172541028344075e-001
2.131085884092300e+001
7.813092347943391e-001
7.402300107948077e-001
2.492103983031767e-001
5.962276605693935e-001
6.429763320263047e-001
6.120281909366581e-001
8.584597843987165e-001
9.166401698121116e-001
5.510357194695847e-002
7.045846950841583e-002
1.900682231982783e-001
3.849411746406657e-001
7.396267875733690e-001
2.571722536493268e-001
4.293199907070988e-001
5.020146731986881e-001
1.717789251636291e-001
1.779591236622994e-001
7.062233203932476e-001
5.985836766925170e-001
9.661025524961946e-001
5.686619800259987e-001
9.509618361585661e-001
3.642388786511244e-001
3.294495996500203e-001
5.835771624969155e-002
5.819046749665542e-001
5.114255390572017e-001
6.813159154109927e-001
5.156992938563124e-001
8.818690464196701e-001
9.326520790487221e-001
5.624611854136175e-001
4.152575750431258e-001
2.162530961878606e-001
9.997298165376155e-001
1.865453984599283e+001
2.052559303884614e-001
3.360802353420067e-003
1.010433858711400e-001
3.744409957180932e-001
1.039807105724278e-002
5.612242281735242e-001
5.958140489463056e-001
4.909233847233383e-001
8.533870562352428e-001
5.011661007625736e-001
2.814470761290118e-001
6.761169231675213e-002
3.371103724861585e-001
4.788768006039340e-001
8.868614602283772e-001
8.530188440909092e-002
6.396931896145559e-001
1.571578348406160e-001
7.652440848516207e-001
6.342484219302474e-001
2.130942169875134e-001
7.194563289900748e-001
2.613901480554010e-001
2.243248112768789e-001
1.520003201421627e-001
6.808943688248637e-002
2.039044789605721e-001
6.690466276718170e-001
5.392782101162387e-001
1.034982377282134e-001
4.093555706144447e-001
6.427159022274165e-001
3.486463501218421e-001
2.977007643138552e-001
5.358594339505904e-001
4.302509858699695e-001
1.540956316558788e+001
7.690012527805797e-001
1.357031968507041e-001
1.386152445422725e-001
7.694112202282794e-001
1.990169208755157e-001
6.505620519203472e-001
5.098162974746636e-001
2.054305941196523e-001
6.570999558657840e-001
4.198150973698580e-001
5.397055842073629e-001
6.541395678147808e-001
7.692993863804686e-001
8.144644419802612e-001
7.506752649212632e-001
3.594084071799703e-001
6.033097245302904e-001
6.152883005579218e-001
4.210999129596830e-001
6.932800110503877e-001
8.603026819647193e-001
6.073594509659169e-001
3.421916817620414e-001
2.237916834968332e-001
5.751713429248850e-002
2.216347528886147e-001
5.442996655422637e-001
1.794618076611532e-002
9.788069408902075e-001
3.556612022571194e-001
3.003514549997798e-001
9.565806796771512e-001
5.910918700834998e-001
8.005144659073742e-001
8.408904365304222e-001
1.203268453353635e-001
1.872540830818937e+001
