
alpha[0]=2.2018000000000  beta[0]=-0.5583613407212
alpha[1]=-0.9896592242711  beta[1]=-0.4755172168952
alpha[2]=5.4293202379802  beta[2]=0.2042244611477
alpha[3]=4.3349924194255  beta[3]=0.4412925825263
alpha[4]=5.9705527818030  beta[4]=-0.7129993076980
alpha[5]=-3.8326216119587  beta[5]=-0.4350546881010
alpha[6]=2.1405511774474  beta[6]=2.2412918927363
alpha[7]=12.9065011915939  beta[7]=-0.1099755835396
alpha[8]=-0.9214750025856  beta[8]=3.3296616743708
alpha[9]=-6.7053680292551  beta[9]=-0.0282758528947
alpha[10]=-4.4529188573189  beta[10]=1.1016145043688
alpha[11]=0.9130931041085  beta[11]=3.2007688885719
alpha[12]=18.0762805933636  beta[12]=0.2608279936599
alpha[13]=5.4740055028203  beta[13]=-0.2943731056116
alpha[14]=-1.6703335397589  beta[14]=1.7413288608333
alpha[15]=6.3332118035560  beta[15]=0.4525665789972
alpha[16]=4.2187982064696  beta[16]=0.9479476865869
alpha[17]=-1.0876348914573  beta[17]=3.8167219832733
alpha[18]=-7.1797039533331  beta[18]=-0.1082217324071
alpha[19]=-4.4940053701067  beta[19]=-0.5024471076559
alpha[20]=-4.0304715325366  beta[20]=0.8904169080538
alpha[21]=4.2778866245167  beta[21]=0.3934185610144
alpha[22]=5.3482117240648  beta[22]=0.0718370961776
alpha[23]=4.2248621696736  beta[23]=-0.7682144102350
alpha[24]=4.4230545581870  beta[24]=-0.6107996101923
alpha[25]=7.7560252571985Matriu L:
1.0000000000000 0.0000000000000 0.0000000000000 0.0000000000000 0.0000000000000 0.0000000000000 0.0000000000000 0.0000000000000 0.0000000000000 0.0000000000000 0.0000000000000 0.0000000000000 0.0000000000000 0.0000000000000 0.0000000000000 0.0000000000000 0.0000000000000 0.0000000000000 0.0000000000000 0.0000000000000 0.0000000000000 0.0000000000000 0.0000000000000 0.0000000000000 0.0000000000000 0.0000000000000 
-0.5583613407212 1.0000000000000 0.0000000000000 0.0000000000000 0.0000000000000 0.0000000000000 0.0000000000000 0.0000000000000 0.0000000000000 0.0000000000000 0.0000000000000 0.0000000000000 0.0000000000000 0.0000000000000 0.0000000000000 0.0000000000000 0.0000000000000 0.0000000000000 0.0000000000000 0.0000000000000 0.0000000000000 0.0000000000000 0.0000000000000 0.0000000000000 0.0000000000000 0.0000000000000 
0.0000000000000 -0.4755172168952 1.0000000000000 0.0000000000000 0.0000000000000 0.0000000000000 0.0000000000000 0.0000000000000 0.0000000000000 0.0000000000000 0.0000000000000 0.0000000000000 0.0000000000000 0.0000000000000 0.0000000000000 0.0000000000000 0.0000000000000 0.0000000000000 0.0000000000000 0.0000000000000 0.0000000000000 0.0000000000000 0.0000000000000 0.0000000000000 0.0000000000000 0.0000000000000 
0.0000000000000 0.0000000000000 0.2042244611477 1.0000000000000 0.0000000000000 0.0000000000000 0.0000000000000 0.0000000000000 0.0000000000000 0.0000000000000 0.0000000000000 0.0000000000000 0.0000000000000 0.0000000000000 0.0000000000000 0.0000000000000 0.0000000000000 0.0000000000000 0.0000000000000 0.0000000000000 0.0000000000000 0.0000000000000 0.0000000000000 0.0000000000000 0.0000000000000 0.0000000000000 
0.0000000000000 0.0000000000000 0.0000000000000 0.4412925825263 1.0000000000000 0.0000000000000 0.0000000000000 0.0000000000000 0.0000000000000 0.0000000000000 0.0000000000000 0.0000000000000 0.0000000000000 0.0000000000000 0.0000000000000 0.0000000000000 0.0000000000000 0.0000000000000 0.0000000000000 0.0000000000000 0.0000000000000 0.0000000000000 0.0000000000000 0.0000000000000 0.0000000000000 0.0000000000000 
0.0000000000000 0.0000000000000 0.0000000000000 0.0000000000000 -0.7129993076980 1.0000000000000 0.0000000000000 0.0000000000000 0.0000000000000 0.0000000000000 0.0000000000000 0.0000000000000 0.0000000000000 0.0000000000000 0.0000000000000 0.0000000000000 0.0000000000000 0.0000000000000 0.0000000000000 0.0000000000000 0.0000000000000 0.0000000000000 0.0000000000000 0.0000000000000 0.0000000000000 0.0000000000000 
0.0000000000000 0.0000000000000 0.0000000000000 0.0000000000000 0.0000000000000 -0.4350546881010 1.0000000000000 0.0000000000000 0.0000000000000 0.0000000000000 0.0000000000000 0.0000000000000 0.0000000000000 0.0000000000000 0.0000000000000 0.0000000000000 0.0000000000000 0.0000000000000 0.0000000000000 0.0000000000000 0.0000000000000 0.0000000000000 0.0000000000000 0.0000000000000 0.0000000000000 0.0000000000000 
0.0000000000000 0.0000000000000 0.0000000000000 0.0000000000000 0.0000000000000 0.0000000000000 2.2412918927363 1.0000000000000 0.0000000000000 0.0000000000000 0.0000000000000 0.0000000000000 0.0000000000000 0.0000000000000 0.0000000000000 0.0000000000000 0.0000000000000 0.0000000000000 0.0000000000000 0.0000000000000 0.0000000000000 0.0000000000000 0.0000000000000 0.0000000000000 0.0000000000000 0.0000000000000 
0.0000000000000 0.0000000000000 0.0000000000000 0.0000000000000 0.0000000000000 0.0000000000000 0.0000000000000 -0.1099755835396 1.0000000000000 0.0000000000000 0.0000000000000 0.0000000000000 0.0000000000000 0.0000000000000 0.0000000000000 0.0000000000000 0.0000000000000 0.0000000000000 0.0000000000000 0.0000000000000 0.0000000000000 0.0000000000000 0.0000000000000 0.0000000000000 0.0000000000000 0.0000000000000 
0.0000000000000 0.0000000000000 0.0000000000000 0.0000000000000 0.0000000000000 0.0000000000000 0.0000000000000 0.0000000000000 3.3296616743708 1.0000000000000 0.0000000000000 0.0000000000000 0.0000000000000 0.0000000000000 0.0000000000000 0.0000000000000 0.0000000000000 0.0000000000000 0.0000000000000 0.0000000000000 0.0000000000000 0.0000000000000 0.0000000000000 0.0000000000000 0.0000000000000 0.0000000000000 
0.0000000000000 0.0000000000000 0.0000000000000 0.0000000000000 0.0000000000000 0.0000000000000 0.0000000000000 0.0000000000000 0.0000000000000 -0.0282758528947 1.0000000000000 0.0000000000000 0.0000000000000 0.0000000000000 0.0000000000000 0.0000000000000 0.0000000000000 0.0000000000000 0.0000000000000 0.0000000000000 0.0000000000000 0.0000000000000 0.0000000000000 0.0000000000000 0.0000000000000 0.0000000000000 
0.0000000000000 0.0000000000000 0.0000000000000 0.0000000000000 0.0000000000000 0.0000000000000 0.0000000000000 0.0000000000000 0.0000000000000 0.0000000000000 1.1016145043688 1.0000000000000 0.0000000000000 0.0000000000000 0.0000000000000 0.0000000000000 0.0000000000000 0.0000000000000 0.0000000000000 0.0000000000000 0.0000000000000 0.0000000000000 0.0000000000000 0.0000000000000 0.0000000000000 0.0000000000000 
0.0000000000000 0.0000000000000 0.0000000000000 0.0000000000000 0.0000000000000 0.0000000000000 0.0000000000000 0.0000000000000 0.0000000000000 0.0000000000000 0.0000000000000 3.2007688885719 1.0000000000000 0.0000000000000 0.0000000000000 0.0000000000000 0.0000000000000 0.0000000000000 0.0000000000000 0.0000000000000 0.0000000000000 0.0000000000000 0.0000000000000 0.0000000000000 0.0000000000000 0.0000000000000 
0.0000000000000 0.0000000000000 0.0000000000000 0.0000000000000 0.0000000000000 0.0000000000000 0.0000000000000 0.0000000000000 0.0000000000000 0.0000000000000 0.0000000000000 0.0000000000000 0.2608279936599 1.0000000000000 0.0000000000000 0.0000000000000 0.0000000000000 0.0000000000000 0.0000000000000 0.0000000000000 0.0000000000000 0.0000000000000 0.0000000000000 0.0000000000000 0.0000000000000 0.0000000000000 
0.0000000000000 0.0000000000000 0.0000000000000 0.0000000000000 0.0000000000000 0.0000000000000 0.0000000000000 0.0000000000000 0.0000000000000 0.0000000000000 0.0000000000000 0.0000000000000 0.0000000000000 -0.2943731056116 1.0000000000000 0.0000000000000 0.0000000000000 0.0000000000000 0.0000000000000 0.0000000000000 0.0000000000000 0.0000000000000 0.0000000000000 0.0000000000000 0.0000000000000 0.0000000000000 
0.0000000000000 0.0000000000000 0.0000000000000 0.0000000000000 0.0000000000000 0.0000000000000 0.0000000000000 0.0000000000000 0.0000000000000 0.0000000000000 0.0000000000000 0.0000000000000 0.0000000000000 0.0000000000000 1.7413288608333 1.0000000000000 0.0000000000000 0.0000000000000 0.0000000000000 0.0000000000000 0.0000000000000 0.0000000000000 0.0000000000000 0.0000000000000 0.0000000000000 0.0000000000000 
0.0000000000000 0.0000000000000 0.0000000000000 0.0000000000000 0.0000000000000 0.0000000000000 0.0000000000000 0.0000000000000 0.0000000000000 0.0000000000000 0.0000000000000 0.0000000000000 0.0000000000000 0.0000000000000 0.0000000000000 0.4525665789972 1.0000000000000 0.0000000000000 0.0000000000000 0.0000000000000 0.0000000000000 0.0000000000000 0.0000000000000 0.0000000000000 0.0000000000000 0.0000000000000 
0.0000000000000 0.0000000000000 0.0000000000000 0.0000000000000 0.0000000000000 0.0000000000000 0.0000000000000 0.0000000000000 0.0000000000000 0.0000000000000 0.0000000000000 0.0000000000000 0.0000000000000 0.0000000000000 0.0000000000000 0.0000000000000 0.9479476865869 1.0000000000000 0.0000000000000 0.0000000000000 0.0000000000000 0.0000000000000 0.0000000000000 0.0000000000000 0.0000000000000 0.0000000000000 
0.0000000000000 0.0000000000000 0.0000000000000 0.0000000000000 0.0000000000000 0.0000000000000 0.0000000000000 0.0000000000000 0.0000000000000 0.0000000000000 0.0000000000000 0.0000000000000 0.0000000000000 0.0000000000000 0.0000000000000 0.0000000000000 0.0000000000000 3.8167219832733 1.0000000000000 0.0000000000000 0.0000000000000 0.0000000000000 0.0000000000000 0.0000000000000 0.0000000000000 0.0000000000000 
0.0000000000000 0.0000000000000 0.0000000000000 0.0000000000000 0.0000000000000 0.0000000000000 0.0000000000000 0.0000000000000 0.0000000000000 0.0000000000000 0.0000000000000 0.0000000000000 0.0000000000000 0.0000000000000 0.0000000000000 0.0000000000000 0.0000000000000 0.0000000000000 -0.1082217324071 1.0000000000000 0.0000000000000 0.0000000000000 0.0000000000000 0.0000000000000 0.0000000000000 0.0000000000000 
0.0000000000000 0.0000000000000 0.0000000000000 0.0000000000000 0.0000000000000 0.0000000000000 0.0000000000000 0.0000000000000 0.0000000000000 0.0000000000000 0.0000000000000 0.0000000000000 0.0000000000000 0.0000000000000 0.0000000000000 0.0000000000000 0.0000000000000 0.0000000000000 0.0000000000000 -0.5024471076559 1.0000000000000 0.0000000000000 0.0000000000000 0.0000000000000 0.0000000000000 0.0000000000000 
0.0000000000000 0.0000000000000 0.0000000000000 0.0000000000000 0.0000000000000 0.0000000000000 0.0000000000000 0.0000000000000 0.0000000000000 0.0000000000000 0.0000000000000 0.0000000000000 0.0000000000000 0.0000000000000 0.0000000000000 0.0000000000000 0.0000000000000 0.0000000000000 0.0000000000000 0.0000000000000 0.8904169080538 1.0000000000000 0.0000000000000 0.0000000000000 0.0000000000000 0.0000000000000 
0.0000000000000 0.0000000000000 0.0000000000000 0.0000000000000 0.0000000000000 0.0000000000000 0.0000000000000 0.0000000000000 0.0000000000000 0.0000000000000 0.0000000000000 0.0000000000000 0.0000000000000 0.0000000000000 0.0000000000000 0.0000000000000 0.0000000000000 0.0000000000000 0.0000000000000 0.0000000000000 0.0000000000000 0.3934185610144 1.0000000000000 0.0000000000000 0.0000000000000 0.0000000000000 
0.0000000000000 0.0000000000000 0.0000000000000 0.0000000000000 0.0000000000000 0.0000000000000 0.0000000000000 0.0000000000000 0.0000000000000 0.0000000000000 0.0000000000000 0.0000000000000 0.0000000000000 0.0000000000000 0.0000000000000 0.0000000000000 0.0000000000000 0.0000000000000 0.0000000000000 0.0000000000000 0.0000000000000 0.0000000000000 0.0718370961776 1.0000000000000 0.0000000000000 0.0000000000000 
0.0000000000000 0.0000000000000 0.0000000000000 0.0000000000000 0.0000000000000 0.0000000000000 0.0000000000000 0.0000000000000 0.0000000000000 0.0000000000000 0.0000000000000 0.0000000000000 0.0000000000000 0.0000000000000 0.0000000000000 0.0000000000000 0.0000000000000 0.0000000000000 0.0000000000000 0.0000000000000 0.0000000000000 0.0000000000000 0.0000000000000 -0.7682144102350 1.0000000000000 0.0000000000000 
0.0000000000000 0.0000000000000 0.0000000000000 0.0000000000000 0.0000000000000 0.0000000000000 0.0000000000000 0.0000000000000 0.0000000000000 0.0000000000000 0.0000000000000 0.0000000000000 0.0000000000000 0.0000000000000 0.0000000000000 0.0000000000000 0.0000000000000 0.0000000000000 0.0000000000000 0.0000000000000 0.0000000000000 0.0000000000000 0.0000000000000 0.0000000000000 -0.6107996101923 1.0000000000000 

Matriu U:
2.2018000000000 1.5154000000000 0.0000000000000 0.0000000000000 0.0000000000000 0.0000000000000 0.0000000000000 0.0000000000000 0.0000000000000 0.0000000000000 0.0000000000000 0.0000000000000 0.0000000000000 0.0000000000000 0.0000000000000 0.0000000000000 0.0000000000000 0.0000000000000 0.0000000000000 0.0000000000000 0.0000000000000 0.0000000000000 0.0000000000000 0.0000000000000 0.0000000000000 0.0000000000000 
0.0000000000000 -0.9896592242711 1.5472000000000 0.0000000000000 0.0000000000000 0.0000000000000 0.0000000000000 0.0000000000000 0.0000000000000 0.0000000000000 0.0000000000000 0.0000000000000 0.0000000000000 0.0000000000000 0.0000000000000 0.0000000000000 0.0000000000000 0.0000000000000 0.0000000000000 0.0000000000000 0.0000000000000 0.0000000000000 0.0000000000000 0.0000000000000 0.0000000000000 0.0000000000000 
0.0000000000000 0.0000000000000 5.4293202379802 -0.6042000000000 0.0000000000000 0.0000000000000 0.0000000000000 0.0000000000000 0.0000000000000 0.0000000000000 0.0000000000000 0.0000000000000 0.0000000000000 0.0000000000000 0.0000000000000 0.0000000000000 0.0000000000000 0.0000000000000 0.0000000000000 0.0000000000000 0.0000000000000 0.0000000000000 0.0000000000000 0.0000000000000 0.0000000000000 0.0000000000000 
0.0000000000000 0.0000000000000 0.0000000000000 4.3349924194255 -4.4568000000000 0.0000000000000 0.0000000000000 0.0000000000000 0.0000000000000 0.0000000000000 0.0000000000000 0.0000000000000 0.0000000000000 0.0000000000000 0.0000000000000 0.0000000000000 0.0000000000000 0.0000000000000 0.0000000000000 0.0000000000000 0.0000000000000 0.0000000000000 0.0000000000000 0.0000000000000 0.0000000000000 0.0000000000000 
0.0000000000000 0.0000000000000 0.0000000000000 0.0000000000000 5.9705527818030 -0.8494000000000 0.0000000000000 0.0000000000000 0.0000000000000 0.0000000000000 0.0000000000000 0.0000000000000 0.0000000000000 0.0000000000000 0.0000000000000 0.0000000000000 0.0000000000000 0.0000000000000 0.0000000000000 0.0000000000000 0.0000000000000 0.0000000000000 0.0000000000000 0.0000000000000 0.0000000000000 0.0000000000000 
0.0000000000000 0.0000000000000 0.0000000000000 0.0000000000000 0.0000000000000 -3.8326216119587 -3.7270000000000 0.0000000000000 0.0000000000000 0.0000000000000 0.0000000000000 0.0000000000000 0.0000000000000 0.0000000000000 0.0000000000000 0.0000000000000 0.0000000000000 0.0000000000000 0.0000000000000 0.0000000000000 0.0000000000000 0.0000000000000 0.0000000000000 0.0000000000000 0.0000000000000 0.0000000000000 
0.0000000000000 0.0000000000000 0.0000000000000 0.0000000000000 0.0000000000000 0.0000000000000 2.1405511774474 -4.1282000000000 0.0000000000000 0.0000000000000 0.0000000000000 0.0000000000000 0.0000000000000 0.0000000000000 0.0000000000000 0.0000000000000 0.0000000000000 0.0000000000000 0.0000000000000 0.0000000000000 0.0000000000000 0.0000000000000 0.0000000000000 0.0000000000000 0.0000000000000 0.0000000000000 
0.0000000000000 0.0000000000000 0.0000000000000 0.0000000000000 0.0000000000000 0.0000000000000 0.0000000000000 12.9065011915939 -3.8088000000000 0.0000000000000 0.0000000000000 0.0000000000000 0.0000000000000 0.0000000000000 0.0000000000000 0.0000000000000 0.0000000000000 0.0000000000000 0.0000000000000 0.0000000000000 0.0000000000000 0.0000000000000 0.0000000000000 0.0000000000000 0.0000000000000 0.0000000000000 
0.0000000000000 0.0000000000000 0.0000000000000 0.0000000000000 0.0000000000000 0.0000000000000 0.0000000000000 0.0000000000000 -0.9214750025856 2.9320000000000 0.0000000000000 0.0000000000000 0.0000000000000 0.0000000000000 0.0000000000000 0.0000000000000 0.0000000000000 0.0000000000000 0.0000000000000 0.0000000000000 0.0000000000000 0.0000000000000 0.0000000000000 0.0000000000000 0.0000000000000 0.0000000000000 
0.0000000000000 0.0000000000000 0.0000000000000 0.0000000000000 0.0000000000000 0.0000000000000 0.0000000000000 0.0000000000000 0.0000000000000 -6.7053680292551 -4.2764000000000 0.0000000000000 0.0000000000000 0.0000000000000 0.0000000000000 0.0000000000000 0.0000000000000 0.0000000000000 0.0000000000000 0.0000000000000 0.0000000000000 0.0000000000000 0.0000000000000 0.0000000000000 0.0000000000000 0.0000000000000 
0.0000000000000 0.0000000000000 0.0000000000000 0.0000000000000 0.0000000000000 0.0000000000000 0.0000000000000 0.0000000000000 0.0000000000000 0.0000000000000 -4.4529188573189 -0.5284000000000 0.0000000000000 0.0000000000000 0.0000000000000 0.0000000000000 0.0000000000000 0.0000000000000 0.0000000000000 0.0000000000000 0.0000000000000 0.0000000000000 0.0000000000000 0.0000000000000 0.0000000000000 0.0000000000000 
0.0000000000000 0.0000000000000 0.0000000000000 0.0000000000000 0.0000000000000 0.0000000000000 0.0000000000000 0.0000000000000 0.0000000000000 0.0000000000000 0.0000000000000 0.9130931041085 -4.1106000000000 0.0000000000000 0.0000000000000 0.0000000000000 0.0000000000000 0.0000000000000 0.0000000000000 0.0000000000000 0.0000000000000 0.0000000000000 0.0000000000000 0.0000000000000 0.0000000000000 0.0000000000000 
0.0000000000000 0.0000000000000 0.0000000000000 0.0000000000000 0.0000000000000 0.0000000000000 0.0000000000000 0.0000000000000 0.0000000000000 0.0000000000000 0.0000000000000 0.0000000000000 18.0762805933636 -3.2144000000000 0.0000000000000 0.0000000000000 0.0000000000000 0.0000000000000 0.0000000000000 0.0000000000000 0.0000000000000 0.0000000000000 0.0000000000000 0.0000000000000 0.0000000000000 0.0000000000000 
0.0000000000000 0.0000000000000 0.0000000000000 0.0000000000000 0.0000000000000 0.0000000000000 0.0000000000000 0.0000000000000 0.0000000000000 0.0000000000000 0.0000000000000 0.0000000000000 0.0000000000000 5.4740055028203 0.8128000000000 0.0000000000000 0.0000000000000 0.0000000000000 0.0000000000000 0.0000000000000 0.0000000000000 0.0000000000000 0.0000000000000 0.0000000000000 0.0000000000000 0.0000000000000 
0.0000000000000 0.0000000000000 0.0000000000000 0.0000000000000 0.0000000000000 0.0000000000000 0.0000000000000 0.0000000000000 0.0000000000000 0.0000000000000 0.0000000000000 0.0000000000000 0.0000000000000 0.0000000000000 -1.6703335397589 -4.2772000000000 0.0000000000000 0.0000000000000 0.0000000000000 0.0000000000000 0.0000000000000 0.0000000000000 0.0000000000000 0.0000000000000 0.0000000000000 0.0000000000000 
0.0000000000000 0.0000000000000 0.0000000000000 0.0000000000000 0.0000000000000 0.0000000000000 0.0000000000000 0.0000000000000 0.0000000000000 0.0000000000000 0.0000000000000 0.0000000000000 0.0000000000000 0.0000000000000 0.0000000000000 6.3332118035560 1.1384000000000 0.0000000000000 0.0000000000000 0.0000000000000 0.0000000000000 0.0000000000000 0.0000000000000 0.0000000000000 0.0000000000000 0.0000000000000 
0.0000000000000 0.0000000000000 0.0000000000000 0.0000000000000 0.0000000000000 0.0000000000000 0.0000000000000 0.0000000000000 0.0000000000000 0.0000000000000 0.0000000000000 0.0000000000000 0.0000000000000 0.0000000000000 0.0000000000000 0.0000000000000 4.2187982064696 -4.0466000000000 0.0000000000000 0.0000000000000 0.0000000000000 0.0000000000000 0.0000000000000 0.0000000000000 0.0000000000000 0.0000000000000 
0.0000000000000 0.0000000000000 0.0000000000000 0.0000000000000 0.0000000000000 0.0000000000000 0.0000000000000 0.0000000000000 0.0000000000000 0.0000000000000 0.0000000000000 0.0000000000000 0.0000000000000 0.0000000000000 0.0000000000000 0.0000000000000 0.0000000000000 -1.0876348914573 0.6138000000000 0.0000000000000 0.0000000000000 0.0000000000000 0.0000000000000 0.0000000000000 0.0000000000000 0.0000000000000 
0.0000000000000 0.0000000000000 0.0000000000000 0.0000000000000 0.0000000000000 0.0000000000000 0.0000000000000 0.0000000000000 0.0000000000000 0.0000000000000 0.0000000000000 0.0000000000000 0.0000000000000 0.0000000000000 0.0000000000000 0.0000000000000 0.0000000000000 0.0000000000000 -7.1797039533331 -3.2822000000000 0.0000000000000 0.0000000000000 0.0000000000000 0.0000000000000 0.0000000000000 0.0000000000000 
0.0000000000000 0.0000000000000 0.0000000000000 0.0000000000000 0.0000000000000 0.0000000000000 0.0000000000000 0.0000000000000 0.0000000000000 0.0000000000000 0.0000000000000 0.0000000000000 0.0000000000000 0.0000000000000 0.0000000000000 0.0000000000000 0.0000000000000 0.0000000000000 0.0000000000000 -4.4940053701067 -0.6422000000000 0.0000000000000 0.0000000000000 0.0000000000000 0.0000000000000 0.0000000000000 
0.0000000000000 0.0000000000000 0.0000000000000 0.0000000000000 0.0000000000000 0.0000000000000 0.0000000000000 0.0000000000000 0.0000000000000 0.0000000000000 0.0000000000000 0.0000000000000 0.0000000000000 0.0000000000000 0.0000000000000 0.0000000000000 0.0000000000000 0.0000000000000 0.0000000000000 0.0000000000000 -4.0304715325366 -2.5872000000000 0.0000000000000 0.0000000000000 0.0000000000000 0.0000000000000 
0.0000000000000 0.0000000000000 0.0000000000000 0.0000000000000 0.0000000000000 0.0000000000000 0.0000000000000 0.0000000000000 0.0000000000000 0.0000000000000 0.0000000000000 0.0000000000000 0.0000000000000 0.0000000000000 0.0000000000000 0.0000000000000 0.0000000000000 0.0000000000000 0.0000000000000 0.0000000000000 0.0000000000000 4.2778866245167 -1.4204000000000 0.0000000000000 0.0000000000000 0.0000000000000 
0.0000000000000 0.0000000000000 0.0000000000000 0.0000000000000 0.0000000000000 0.0000000000000 0.0000000000000 0.0000000000000 0.0000000000000 0.0000000000000 0.0000000000000 0.0000000000000 0.0000000000000 0.0000000000000 0.0000000000000 0.0000000000000 0.0000000000000 0.0000000000000 0.0000000000000 0.0000000000000 0.0000000000000 0.0000000000000 5.3482117240648 -4.8730000000000 0.0000000000000 0.0000000000000 
0.0000000000000 0.0000000000000 0.0000000000000 0.0000000000000 0.0000000000000 0.0000000000000 0.0000000000000 0.0000000000000 0.0000000000000 0.0000000000000 0.0000000000000 0.0000000000000 0.0000000000000 0.0000000000000 0.0000000000000 0.0000000000000 0.0000000000000 0.0000000000000 0.0000000000000 0.0000000000000 0.0000000000000 0.0000000000000 0.0000000000000 4.2248621696736 2.7618000000000 0.0000000000000 
0.0000000000000 0.0000000000000 0.0000000000000 0.0000000000000 0.0000000000000 0.0000000000000 0.0000000000000 0.0000000000000 0.0000000000000 0.0000000000000 0.0000000000000 0.0000000000000 0.0000000000000 0.0000000000000 0.0000000000000 0.0000000000000 0.0000000000000 0.0000000000000 0.0000000000000 0.0000000000000 0.0000000000000 0.0000000000000 0.0000000000000 0.0000000000000 4.4230545581870 4.9840000000000 
0.0000000000000 0.0000000000000 0.0000000000000 0.0000000000000 0.0000000000000 0.0000000000000 0.0000000000000 0.0000000000000 0.0000000000000 0.0000000000000 0.0000000000000 0.0000000000000 0.0000000000000 0.0000000000000 0.0000000000000 0.0000000000000 0.0000000000000 0.0000000000000 0.0000000000000 0.0000000000000 0.0000000000000 0.0000000000000 0.0000000000000 0.0000000000000 0.0000000000000 7.7560252571985 

Matriu A llegida anteriorment:
2.2018000000000 1.5154000000000 0.0000000000000 0.0000000000000 0.0000000000000 0.0000000000000 0.0000000000000 0.0000000000000 0.0000000000000 0.0000000000000 0.0000000000000 0.0000000000000 0.0000000000000 0.0000000000000 0.0000000000000 0.0000000000000 0.0000000000000 0.0000000000000 0.0000000000000 0.0000000000000 0.0000000000000 0.0000000000000 0.0000000000000 0.0000000000000 0.0000000000000 0.0000000000000 
-1.2294000000000 -1.8358000000000 1.5472000000000 0.0000000000000 0.0000000000000 0.0000000000000 0.0000000000000 0.0000000000000 0.0000000000000 0.0000000000000 0.0000000000000 0.0000000000000 0.0000000000000 0.0000000000000 0.0000000000000 0.0000000000000 0.0000000000000 0.0000000000000 0.0000000000000 0.0000000000000 0.0000000000000 0.0000000000000 0.0000000000000 0.0000000000000 0.0000000000000 0.0000000000000 
0.0000000000000 0.4706000000000 4.6936000000000 -0.6042000000000 0.0000000000000 0.0000000000000 0.0000000000000 0.0000000000000 0.0000000000000 0.0000000000000 0.0000000000000 0.0000000000000 0.0000000000000 0.0000000000000 0.0000000000000 0.0000000000000 0.0000000000000 0.0000000000000 0.0000000000000 0.0000000000000 0.0000000000000 0.0000000000000 0.0000000000000 0.0000000000000 0.0000000000000 0.0000000000000 
0.0000000000000 0.0000000000000 1.1088000000000 4.2116000000000 -4.4568000000000 0.0000000000000 0.0000000000000 0.0000000000000 0.0000000000000 0.0000000000000 0.0000000000000 0.0000000000000 0.0000000000000 0.0000000000000 0.0000000000000 0.0000000000000 0.0000000000000 0.0000000000000 0.0000000000000 0.0000000000000 0.0000000000000 0.0000000000000 0.0000000000000 0.0000000000000 0.0000000000000 0.0000000000000 
0.0000000000000 0.0000000000000 0.0000000000000 1.9130000000000 4.0038000000000 -0.8494000000000 0.0000000000000 0.0000000000000 0.0000000000000 0.0000000000000 0.0000000000000 0.0000000000000 0.0000000000000 0.0000000000000 0.0000000000000 0.0000000000000 0.0000000000000 0.0000000000000 0.0000000000000 0.0000000000000 0.0000000000000 0.0000000000000 0.0000000000000 0.0000000000000 0.0000000000000 0.0000000000000 
0.0000000000000 0.0000000000000 0.0000000000000 0.0000000000000 -4.2570000000000 -3.2270000000000 -3.7270000000000 0.0000000000000 0.0000000000000 0.0000000000000 0.0000000000000 0.0000000000000 0.0000000000000 0.0000000000000 0.0000000000000 0.0000000000000 0.0000000000000 0.0000000000000 0.0000000000000 0.0000000000000 0.0000000000000 0.0000000000000 0.0000000000000 0.0000000000000 0.0000000000000 0.0000000000000 
0.0000000000000 0.0000000000000 0.0000000000000 0.0000000000000 0.0000000000000 1.6674000000000 3.7620000000000 -4.1282000000000 0.0000000000000 0.0000000000000 0.0000000000000 0.0000000000000 0.0000000000000 0.0000000000000 0.0000000000000 0.0000000000000 0.0000000000000 0.0000000000000 0.0000000000000 0.0000000000000 0.0000000000000 0.0000000000000 0.0000000000000 0.0000000000000 0.0000000000000 0.0000000000000 
0.0000000000000 0.0000000000000 0.0000000000000 0.0000000000000 0.0000000000000 0.0000000000000 4.7976000000000 3.6540000000000 -3.8088000000000 0.0000000000000 0.0000000000000 0.0000000000000 0.0000000000000 0.0000000000000 0.0000000000000 0.0000000000000 0.0000000000000 0.0000000000000 0.0000000000000 0.0000000000000 0.0000000000000 0.0000000000000 0.0000000000000 0.0000000000000 0.0000000000000 0.0000000000000 
0.0000000000000 0.0000000000000 0.0000000000000 0.0000000000000 0.0000000000000 0.0000000000000 0.0000000000000 -1.4194000000000 -0.5026000000000 2.9320000000000 0.0000000000000 0.0000000000000 0.0000000000000 0.0000000000000 0.0000000000000 0.0000000000000 0.0000000000000 0.0000000000000 0.0000000000000 0.0000000000000 0.0000000000000 0.0000000000000 0.0000000000000 0.0000000000000 0.0000000000000 0.0000000000000 
0.0000000000000 0.0000000000000 0.0000000000000 0.0000000000000 0.0000000000000 0.0000000000000 0.0000000000000 0.0000000000000 -3.0682000000000 3.0572000000000 -4.2764000000000 0.0000000000000 0.0000000000000 0.0000000000000 0.0000000000000 0.0000000000000 0.0000000000000 0.0000000000000 0.0000000000000 0.0000000000000 0.0000000000000 0.0000000000000 0.0000000000000 0.0000000000000 0.0000000000000 0.0000000000000 
0.0000000000000 0.0000000000000 0.0000000000000 0.0000000000000 0.0000000000000 0.0000000000000 0.0000000000000 0.0000000000000 0.0000000000000 0.1896000000000 -4.3320000000000 -0.5284000000000 0.0000000000000 0.0000000000000 0.0000000000000 0.0000000000000 0.0000000000000 0.0000000000000 0.0000000000000 0.0000000000000 0.0000000000000 0.0000000000000 0.0000000000000 0.0000000000000 0.0000000000000 0.0000000000000 
0.0000000000000 0.0000000000000 0.0000000000000 0.0000000000000 0.0000000000000 0.0000000000000 0.0000000000000 0.0000000000000 0.0000000000000 0.0000000000000 -4.9054000000000 0.3310000000000 -4.1106000000000 0.0000000000000 0.0000000000000 0.0000000000000 0.0000000000000 0.0000000000000 0.0000000000000 0.0000000000000 0.0000000000000 0.0000000000000 0.0000000000000 0.0000000000000 0.0000000000000 0.0000000000000 
0.0000000000000 0.0000000000000 0.0000000000000 0.0000000000000 0.0000000000000 0.0000000000000 0.0000000000000 0.0000000000000 0.0000000000000 0.0000000000000 0.0000000000000 2.9226000000000 4.9192000000000 -3.2144000000000 0.0000000000000 0.0000000000000 0.0000000000000 0.0000000000000 0.0000000000000 0.0000000000000 0.0000000000000 0.0000000000000 0.0000000000000 0.0000000000000 0.0000000000000 0.0000000000000 
0.0000000000000 0.0000000000000 0.0000000000000 0.0000000000000 0.0000000000000 0.0000000000000 0.0000000000000 0.0000000000000 0.0000000000000 0.0000000000000 0.0000000000000 0.0000000000000 4.7148000000000 4.6356000000000 0.8128000000000 0.0000000000000 0.0000000000000 0.0000000000000 0.0000000000000 0.0000000000000 0.0000000000000 0.0000000000000 0.0000000000000 0.0000000000000 0.0000000000000 0.0000000000000 
0.0000000000000 0.0000000000000 0.0000000000000 0.0000000000000 0.0000000000000 0.0000000000000 0.0000000000000 0.0000000000000 0.0000000000000 0.0000000000000 0.0000000000000 0.0000000000000 0.0000000000000 -1.6114000000000 -1.9096000000000 -4.2772000000000 0.0000000000000 0.0000000000000 0.0000000000000 0.0000000000000 0.0000000000000 0.0000000000000 0.0000000000000 0.0000000000000 0.0000000000000 0.0000000000000 
0.0000000000000 0.0000000000000 0.0000000000000 0.0000000000000 0.0000000000000 0.0000000000000 0.0000000000000 0.0000000000000 0.0000000000000 0.0000000000000 0.0000000000000 0.0000000000000 0.0000000000000 0.0000000000000 -2.9086000000000 -1.1148000000000 1.1384000000000 0.0000000000000 0.0000000000000 0.0000000000000 0.0000000000000 0.0000000000000 0.0000000000000 0.0000000000000 0.0000000000000 0.0000000000000 
0.0000000000000 0.0000000000000 0.0000000000000 0.0000000000000 0.0000000000000 0.0000000000000 0.0000000000000 0.0000000000000 0.0000000000000 0.0000000000000 0.0000000000000 0.0000000000000 0.0000000000000 0.0000000000000 0.0000000000000 2.8662000000000 4.7340000000000 -4.0466000000000 0.0000000000000 0.0000000000000 0.0000000000000 0.0000000000000 0.0000000000000 0.0000000000000 0.0000000000000 0.0000000000000 
0.0000000000000 0.0000000000000 0.0000000000000 0.0000000000000 0.0000000000000 0.0000000000000 0.0000000000000 0.0000000000000 0.0000000000000 0.0000000000000 0.0000000000000 0.0000000000000 0.0000000000000 0.0000000000000 0.0000000000000 0.0000000000000 3.9992000000000 -4.9236000000000 0.6138000000000 0.0000000000000 0.0000000000000 0.0000000000000 0.0000000000000 0.0000000000000 0.0000000000000 0.0000000000000 
0.0000000000000 0.0000000000000 0.0000000000000 0.0000000000000 0.0000000000000 0.0000000000000 0.0000000000000 0.0000000000000 0.0000000000000 0.0000000000000 0.0000000000000 0.0000000000000 0.0000000000000 0.0000000000000 0.0000000000000 0.0000000000000 0.0000000000000 -4.1512000000000 -4.8370000000000 -3.2822000000000 0.0000000000000 0.0000000000000 0.0000000000000 0.0000000000000 0.0000000000000 0.0000000000000 
0.0000000000000 0.0000000000000 0.0000000000000 0.0000000000000 0.0000000000000 0.0000000000000 0.0000000000000 0.0000000000000 0.0000000000000 0.0000000000000 0.0000000000000 0.0000000000000 0.0000000000000 0.0000000000000 0.0000000000000 0.0000000000000 0.0000000000000 0.0000000000000 0.7770000000000 -4.1388000000000 -0.6422000000000 0.0000000000000 0.0000000000000 0.0000000000000 0.0000000000000 0.0000000000000 
0.0000000000000 0.0000000000000 0.0000000000000 0.0000000000000 0.0000000000000 0.0000000000000 0.0000000000000 0.0000000000000 0.0000000000000 0.0000000000000 0.0000000000000 0.0000000000000 0.0000000000000 0.0000000000000 0.0000000000000 0.0000000000000 0.0000000000000 0.0000000000000 0.0000000000000 2.2580000000000 -3.7078000000000 -2.5872000000000 0.0000000000000 0.0000000000000 0.0000000000000 0.0000000000000 
0.0000000000000 0.0000000000000 0.0000000000000 0.0000000000000 0.0000000000000 0.0000000000000 0.0000000000000 0.0000000000000 0.0000000000000 0.0000000000000 0.0000000000000 0.0000000000000 0.0000000000000 0.0000000000000 0.0000000000000 0.0000000000000 0.0000000000000 0.0000000000000 0.0000000000000 0.0000000000000 -3.5888000000000 1.9742000000000 -1.4204000000000 0.0000000000000 0.0000000000000 0.0000000000000 
0.0000000000000 0.0000000000000 0.0000000000000 0.0000000000000 0.0000000000000 0.0000000000000 0.0000000000000 0.0000000000000 0.0000000000000 0.0000000000000 0.0000000000000 0.0000000000000 0.0000000000000 0.0000000000000 0.0000000000000 0.0000000000000 0.0000000000000 0.0000000000000 0.0000000000000 0.0000000000000 0.0000000000000 1.6830000000000 4.7894000000000 -4.8730000000000 0.0000000000000 0.0000000000000 
0.0000000000000 0.0000000000000 0.0000000000000 0.0000000000000 0.0000000000000 0.0000000000000 0.0000000000000 0.0000000000000 0.0000000000000 0.0000000000000 0.0000000000000 0.0000000000000 0.0000000000000 0.0000000000000 0.0000000000000 0.0000000000000 0.0000000000000 0.0000000000000 0.0000000000000 0.0000000000000 0.0000000000000 0.0000000000000 0.3842000000000 3.8748000000000 2.7618000000000 0.0000000000000 
0.0000000000000 0.0000000000000 0.0000000000000 0.0000000000000 0.0000000000000 0.0000000000000 0.0000000000000 0.0000000000000 0.0000000000000 0.0000000000000 0.0000000000000 0.0000000000000 0.0000000000000 0.0000000000000 0.0000000000000 0.0000000000000 0.0000000000000 0.0000000000000 0.0000000000000 0.0000000000000 0.0000000000000 0.0000000000000 0.0000000000000 -3.2456000000000 2.3014000000000 4.9840000000000 
0.0000000000000 0.0000000000000 0.0000000000000 0.0000000000000 0.0000000000000 0.0000000000000 0.0000000000000 0.0000000000000 0.0000000000000 0.0000000000000 0.0000000000000 0.0000000000000 0.0000000000000 0.0000000000000 0.0000000000000 0.0000000000000 0.0000000000000 0.0000000000000 0.0000000000000 0.0000000000000 0.0000000000000 0.0000000000000 0.0000000000000 0.0000000000000 -2.7016000000000 4.7118000000000 

Matriu r = L*U - A:
0.0000000000000 0.0000000000000 0.0000000000000 0.0000000000000 0.0000000000000 0.0000000000000 0.0000000000000 0.0000000000000 0.0000000000000 0.0000000000000 0.0000000000000 0.0000000000000 0.0000000000000 0.0000000000000 0.0000000000000 0.0000000000000 0.0000000000000 0.0000000000000 0.0000000000000 0.0000000000000 0.0000000000000 0.0000000000000 0.0000000000000 0.0000000000000 0.0000000000000 0.0000000000000 
0.0000000000000 0.0000000000000 0.0000000000000 0.0000000000000 0.0000000000000 0.0000000000000 0.0000000000000 0.0000000000000 0.0000000000000 0.0000000000000 0.0000000000000 0.0000000000000 0.0000000000000 0.0000000000000 0.0000000000000 0.0000000000000 0.0000000000000 0.0000000000000 0.0000000000000 0.0000000000000 0.0000000000000 0.0000000000000 0.0000000000000 0.0000000000000 0.0000000000000 0.0000000000000 
0.0000000000000 0.0000000000000 0.0000000000000 0.0000000000000 0.0000000000000 0.0000000000000 0.0000000000000 0.0000000000000 0.0000000000000 0.0000000000000 0.0000000000000 0.0000000000000 0.0000000000000 0.0000000000000 0.0000000000000 0.0000000000000 0.0000000000000 0.0000000000000 0.0000000000000 0.0000000000000 0.0000000000000 0.0000000000000 0.0000000000000 0.0000000000000 0.0000000000000 0.0000000000000 
0.0000000000000 0.0000000000000 0.0000000000000 0.0000000000000 0.0000000000000 0.0000000000000 0.0000000000000 0.0000000000000 0.0000000000000 0.0000000000000 0.0000000000000 0.0000000000000 0.0000000000000 0.0000000000000 0.0000000000000 0.0000000000000 0.0000000000000 0.0000000000000 0.0000000000000 0.0000000000000 0.0000000000000 0.0000000000000 0.0000000000000 0.0000000000000 0.0000000000000 0.0000000000000 
0.0000000000000 0.0000000000000 0.0000000000000 0.0000000000000 0.0000000000000 0.0000000000000 0.0000000000000 0.0000000000000 0.0000000000000 0.0000000000000 0.0000000000000 0.0000000000000 0.0000000000000 0.0000000000000 0.0000000000000 0.0000000000000 0.0000000000000 0.0000000000000 0.0000000000000 0.0000000000000 0.0000000000000 0.0000000000000 0.0000000000000 0.0000000000000 0.0000000000000 0.0000000000000 
0.0000000000000 0.0000000000000 0.0000000000000 0.0000000000000 0.0000000000000 0.0000000000000 0.0000000000000 0.0000000000000 0.0000000000000 0.0000000000000 0.0000000000000 0.0000000000000 0.0000000000000 0.0000000000000 0.0000000000000 0.0000000000000 0.0000000000000 0.0000000000000 0.0000000000000 0.0000000000000 0.0000000000000 0.0000000000000 0.0000000000000 0.0000000000000 0.0000000000000 0.0000000000000 
0.0000000000000 0.0000000000000 0.0000000000000 0.0000000000000 0.0000000000000 0.0000000000000 0.0000000000000 0.0000000000000 0.0000000000000 0.0000000000000 0.0000000000000 0.0000000000000 0.0000000000000 0.0000000000000 0.0000000000000 0.0000000000000 0.0000000000000 0.0000000000000 0.0000000000000 0.0000000000000 0.0000000000000 0.0000000000000 0.0000000000000 0.0000000000000 0.0000000000000 0.0000000000000 
0.0000000000000 0.0000000000000 0.0000000000000 0.0000000000000 0.0000000000000 0.0000000000000 0.0000000000000 0.0000000000000 0.0000000000000 0.0000000000000 0.0000000000000 0.0000000000000 0.0000000000000 0.0000000000000 0.0000000000000 0.0000000000000 0.0000000000000 0.0000000000000 0.0000000000000 0.0000000000000 0.0000000000000 0.0000000000000 0.0000000000000 0.0000000000000 0.0000000000000 0.0000000000000 
0.0000000000000 0.0000000000000 0.0000000000000 0.0000000000000 0.0000000000000 0.0000000000000 0.0000000000000 0.0000000000000 0.0000000000000 0.0000000000000 0.0000000000000 0.0000000000000 0.0000000000000 0.0000000000000 0.0000000000000 0.0000000000000 0.0000000000000 0.0000000000000 0.0000000000000 0.0000000000000 0.0000000000000 0.0000000000000 0.0000000000000 0.0000000000000 0.0000000000000 0.0000000000000 
0.0000000000000 0.0000000000000 0.0000000000000 0.0000000000000 0.0000000000000 0.0000000000000 0.0000000000000 0.0000000000000 0.0000000000000 0.0000000000000 0.0000000000000 0.0000000000000 0.0000000000000 0.0000000000000 0.0000000000000 0.0000000000000 0.0000000000000 0.0000000000000 0.0000000000000 0.0000000000000 0.0000000000000 0.0000000000000 0.0000000000000 0.0000000000000 0.0000000000000 0.0000000000000 
0.0000000000000 0.0000000000000 0.0000000000000 0.0000000000000 0.0000000000000 0.0000000000000 0.0000000000000 0.0000000000000 0.0000000000000 0.0000000000000 0.0000000000000 0.0000000000000 0.0000000000000 0.0000000000000 0.0000000000000 0.0000000000000 0.0000000000000 0.0000000000000 0.0000000000000 0.0000000000000 0.0000000000000 0.0000000000000 0.0000000000000 0.0000000000000 0.0000000000000 0.0000000000000 
0.0000000000000 0.0000000000000 0.0000000000000 0.0000000000000 0.0000000000000 0.0000000000000 0.0000000000000 0.0000000000000 0.0000000000000 0.0000000000000 0.0000000000000 0.0000000000000 0.0000000000000 0.0000000000000 0.0000000000000 0.0000000000000 0.0000000000000 0.0000000000000 0.0000000000000 0.0000000000000 0.0000000000000 0.0000000000000 0.0000000000000 0.0000000000000 0.0000000000000 0.0000000000000 
0.0000000000000 0.0000000000000 0.0000000000000 0.0000000000000 0.0000000000000 0.0000000000000 0.0000000000000 0.0000000000000 0.0000000000000 0.0000000000000 0.0000000000000 0.0000000000000 0.0000000000000 0.0000000000000 0.0000000000000 0.0000000000000 0.0000000000000 0.0000000000000 0.0000000000000 0.0000000000000 0.0000000000000 0.0000000000000 0.0000000000000 0.0000000000000 0.0000000000000 0.0000000000000 
0.0000000000000 0.0000000000000 0.0000000000000 0.0000000000000 0.0000000000000 0.0000000000000 0.0000000000000 0.0000000000000 0.0000000000000 0.0000000000000 0.0000000000000 0.0000000000000 0.0000000000000 0.0000000000000 0.0000000000000 0.0000000000000 0.0000000000000 0.0000000000000 0.0000000000000 0.0000000000000 0.0000000000000 0.0000000000000 0.0000000000000 0.0000000000000 0.0000000000000 0.0000000000000 
0.0000000000000 0.0000000000000 0.0000000000000 0.0000000000000 0.0000000000000 0.0000000000000 0.0000000000000 0.0000000000000 0.0000000000000 0.0000000000000 0.0000000000000 0.0000000000000 0.0000000000000 0.0000000000000 0.0000000000000 0.0000000000000 0.0000000000000 0.0000000000000 0.0000000000000 0.0000000000000 0.0000000000000 0.0000000000000 0.0000000000000 0.0000000000000 0.0000000000000 0.0000000000000 
0.0000000000000 0.0000000000000 0.0000000000000 0.0000000000000 0.0000000000000 0.0000000000000 0.0000000000000 0.0000000000000 0.0000000000000 0.0000000000000 0.0000000000000 0.0000000000000 0.0000000000000 0.0000000000000 0.0000000000000 0.0000000000000 0.0000000000000 0.0000000000000 0.0000000000000 0.0000000000000 0.0000000000000 0.0000000000000 0.0000000000000 0.0000000000000 0.0000000000000 0.0000000000000 
0.0000000000000 0.0000000000000 0.0000000000000 0.0000000000000 0.0000000000000 0.0000000000000 0.0000000000000 0.0000000000000 0.0000000000000 0.0000000000000 0.0000000000000 0.0000000000000 0.0000000000000 0.0000000000000 0.0000000000000 0.0000000000000 0.0000000000000 0.0000000000000 0.0000000000000 0.0000000000000 0.0000000000000 0.0000000000000 0.0000000000000 0.0000000000000 0.0000000000000 0.0000000000000 
0.0000000000000 0.0000000000000 0.0000000000000 0.0000000000000 0.0000000000000 0.0000000000000 0.0000000000000 0.0000000000000 0.0000000000000 0.0000000000000 0.0000000000000 0.0000000000000 0.0000000000000 0.0000000000000 0.0000000000000 0.0000000000000 0.0000000000000 0.0000000000000 0.0000000000000 0.0000000000000 0.0000000000000 0.0000000000000 0.0000000000000 0.0000000000000 0.0000000000000 0.0000000000000 
0.0000000000000 0.0000000000000 0.0000000000000 0.0000000000000 0.0000000000000 0.0000000000000 0.0000000000000 0.0000000000000 0.0000000000000 0.0000000000000 0.0000000000000 0.0000000000000 0.0000000000000 0.0000000000000 0.0000000000000 0.0000000000000 0.0000000000000 0.0000000000000 0.0000000000000 0.0000000000000 0.0000000000000 0.0000000000000 0.0000000000000 0.0000000000000 0.0000000000000 0.0000000000000 
0.0000000000000 0.0000000000000 0.0000000000000 0.0000000000000 0.0000000000000 0.0000000000000 0.0000000000000 0.0000000000000 0.0000000000000 0.0000000000000 0.0000000000000 0.0000000000000 0.0000000000000 0.0000000000000 0.0000000000000 0.0000000000000 0.0000000000000 0.0000000000000 0.0000000000000 0.0000000000000 0.0000000000000 0.0000000000000 0.0000000000000 0.0000000000000 0.0000000000000 0.0000000000000 
0.0000000000000 0.0000000000000 0.0000000000000 0.0000000000000 0.0000000000000 0.0000000000000 0.0000000000000 0.0000000000000 0.0000000000000 0.0000000000000 0.0000000000000 0.0000000000000 0.0000000000000 0.0000000000000 0.0000000000000 0.0000000000000 0.0000000000000 0.0000000000000 0.0000000000000 0.0000000000000 0.0000000000000 0.0000000000000 0.0000000000000 0.0000000000000 0.0000000000000 0.0000000000000 
0.0000000000000 0.0000000000000 0.0000000000000 0.0000000000000 0.0000000000000 0.0000000000000 0.0000000000000 0.0000000000000 0.0000000000000 0.0000000000000 0.0000000000000 0.0000000000000 0.0000000000000 0.0000000000000 0.0000000000000 0.0000000000000 0.0000000000000 0.0000000000000 0.0000000000000 0.0000000000000 0.0000000000000 -0.0000000000000 0.0000000000000 0.0000000000000 0.0000000000000 0.0000000000000 
0.0000000000000 0.0000000000000 0.0000000000000 0.0000000000000 0.0000000000000 0.0000000000000 0.0000000000000 0.0000000000000 0.0000000000000 0.0000000000000 0.0000000000000 0.0000000000000 0.0000000000000 0.0000000000000 0.0000000000000 0.0000000000000 0.0000000000000 0.0000000000000 0.0000000000000 0.0000000000000 0.0000000000000 0.0000000000000 0.0000000000000 0.0000000000000 0.0000000000000 0.0000000000000 
0.0000000000000 0.0000000000000 0.0000000000000 0.0000000000000 0.0000000000000 0.0000000000000 0.0000000000000 0.0000000000000 0.0000000000000 0.0000000000000 0.0000000000000 0.0000000000000 0.0000000000000 0.0000000000000 0.0000000000000 0.0000000000000 0.0000000000000 0.0000000000000 0.0000000000000 0.0000000000000 0.0000000000000 0.0000000000000 0.0000000000000 0.0000000000000 0.0000000000000 0.0000000000000 
0.0000000000000 0.0000000000000 0.0000000000000 0.0000000000000 0.0000000000000 0.0000000000000 0.0000000000000 0.0000000000000 0.0000000000000 0.0000000000000 0.0000000000000 0.0000000000000 0.0000000000000 0.0000000000000 0.0000000000000 0.0000000000000 0.0000000000000 0.0000000000000 0.0000000000000 0.0000000000000 0.0000000000000 0.0000000000000 0.0000000000000 0.0000000000000 0.0000000000000 0.0000000000000 
0.0000000000000 0.0000000000000 0.0000000000000 0.0000000000000 0.0000000000000 0.0000000000000 0.0000000000000 0.0000000000000 0.0000000000000 0.0000000000000 0.0000000000000 0.0000000000000 0.0000000000000 0.0000000000000 0.0000000000000 0.0000000000000 0.0000000000000 0.0000000000000 0.0000000000000 0.0000000000000 0.0000000000000 0.0000000000000 0.0000000000000 0.0000000000000 0.0000000000000 0.0000000000000 

Error: 0.0000000000000

Determinant: 1687055218002259.7500000000000
